1000 200
9 5 11 9
15 10 10 7
18 15 8 4
22 16 6 10
25 22 11 10
27 24 12 12
32 28 9 10
38 31 4 11
40 33 6 10
43 34 9 10
50 35 6 10
54 37 8 12
57 43 7 12
58 51 7 11
61 57 5 9
63 61 10 11
72 63 7 12
77 71 7 12
83 78 10 9
91 86 8 5
97 90 7 6
103 92 5 7
104 95 12 11
108 97 11 10
111 101 11 11
119 108 4 9
120 109 10 12
126 112 10 11
132 119 8 12
138 129 10 12
139 137 12 7
147 139 5 12
149 150 7 9
155 154 5 7
159 160 12 5
161 163 12 6
162 164 12 7
171 168 7 10
172 177 9 5
179 181 9 8
186 184 5 9
190 191 9 12
192 193 9 12
198 199 10 9
207 207 3 9
208 213 8 10
213 215 10 9
216 220 11 5
220 224 9 8
228 225 6 8
231 227 6 9
233 233 9 9
236 238 9 10
244 241 3 8
246 245 7 8
248 250 7 10
254 252 9 10
256 257 12 8
260 261 10 11
263 267 12 11
274 275 5 8
276 281 5 11
277 285 6 10
278 290 11 10
279 297 12 6
288 301 10 8
293 307 10 5
297 308 8 7
302 313 9 3
306 315 11 2
313 316 9 8
314 318 12 12
325 328 12 8
335 334 6 9
336 337 11 10
346 342 3 8
347 349 3 9
348 351 8 10
350 356 7 7
352 357 6 10
353 360 12 12
354 364 12 9
361 368 7 7
364 374 12 7
365 377 12 6
372 382 9 9
379 386 8 9
382 388 11 11
389 390 9 11
395 394 10 11
396 397 10 12
405 408 12 7
408 413 12 5
417 417 12 12
420 421 10 12
423 427 12 10
429 435 8 3
430 437 9 10
431 446 11 11
432 455 11 11
442 462 4 10
443 467 10 10
444 470 10 8
448 477 9 10
449 482 9 11
455 486 8 9
458 490 9 11
459 491 11 11
462 493 12 12
463 502 12 12
466 506 10 9
473 507 9 12
479 515 9 11
486 521 9 10
493 523 7 10
497 529 5 10
499 530 4 10
500 538 8 12
505 539 8 12
510 546 7 6
511 549 8 6
512 554 12 12
522 563 8 7
525 568 6 9
526 570 9 9
528 578 9 4
530 581 12 6
541 586 5 2
545 587 8 6
546 590 11 8
556 597 5 3
559 599 4 2
561 600 8 10
566 606 11 8
575 607 4 8
576 614 10 3
580 615 10 11
587 625 11 11
596 632 4 8
597 638 4 11
598 643 12 10
606 645 7 9
608 647 11 10
609 656 11 5
617 658 8 6
619 663 12 2
622 664 10 7
627 665 8 12
629 672 10 9
638 680 8 12
643 688 8 11
650 697 9 3
658 699 5 10
659 700 9 11
665 705 8 12
672 706 6 12
676 712 10 10
679 716 8 8
686 722 11 3
695 723 7 10
698 731 12 8
708 738 7 5
709 742 7 2
714 743 10 12
722 749 5 10
724 757 4 9
727 762 3 10
729 767 9 10
731 770 8 8
736 772 12 8
744 776 6 7
745 782 12 12
749 792 11 3
752 793 11 9
762 796 10 11
770 806 4 5
772 807 8 12
777 817 11 9
781 820 8 7
786 826 4 9
788 833 9 11
790 835 9 12
795 844 9 8
803 847 4 7
806 850 5 10
808 854 5 7
809 856 11 11
817 857 7 11
820 861 12 11
829 863 12 10
839 868 11 8
846 869 11 10
849 875 12 12
853 882 11 6
861 883 5 10
864 884 3 12
865 891 10 10
867 896 12 7
870 899 10 10
878 903 5 9
