25 1000
1105
0 46
1 54
1 58
3 72
5 40
5 65
8 58
8 70
8 78
12 60
12 66
13 68
16 57
18 47
18 65
20 49
21 60
21 74
23 70
27 66
28 57
29 46
29 64
30 67
30 72
32 50
32 69
36 71
37 63
37 78
39 53
41 86
43 85
44 98
44 108
44 118
45 89
45 94
47 83
47 88
47 90
48 98
48 116
49 80
52 96
52 106
54 118
57 88
59 82
61 92
61 119
62 108
64 84
64 115
65 112
66 96
66 109
67 115
68 118
69 108
70 108
72 83
75 101
76 118
80 122
80 138
80 158
81 142
82 131
82 144
83 149
84 122
84 131
84 138
84 147
85 135
85 151
86 127
88 155
89 125
89 129
90 140
90 141
91 144
91 158
93 138
94 125
94 126
94 129
94 131
94 147
95 149
96 124
96 151
98 153
102 124
102 141
104 140
104 153
105 140
105 152
106 130
106 133
107 156
108 159
110 134
110 151
110 155
111 148
112 145
117 142
118 150
118 151
120 164
120 187
123 165
123 167
123 175
124 183
124 196
125 189
125 190
125 191
126 162
128 177
128 190
128 194
129 163
129 194
131 171
131 185
131 199
132 161
132 168
132 176
133 198
134 181
134 193
135 164
135 167
136 169
136 170
136 197
137 180
137 184
137 190
138 186
140 167
141 175
142 197
143 184
145 189
145 192
145 198
146 180
146 186
149 166
150 163
150 166
150 183
151 177
151 192
153 187
155 172
155 185
156 160
156 167
156 173
157 175
158 160
158 178
158 180
158 181
160 208
160 238
161 211
162 202
164 217
164 221
165 237
166 221
166 225
167 214
168 223
169 212
169 234
170 234
172 222
173 216
174 200
174 207
174 226
175 221
176 225
177 211
178 202
178 204
178 223
179 219
181 206
182 228
184 203
184 228
184 237
184 238
185 215
185 225
186 235
187 218
187 225
187 229
189 217
190 224
191 202
191 230
192 222
192 234
195 236
197 225
198 222
199 207
199 224
199 235
199 236
202 250
203 244
203 249
203 279
204 269
205 265
208 273
211 259
214 256
214 262
216 251
216 278
217 277
218 242
218 248
219 279
220 240
220 259
222 271
222 276
225 245
225 271
225 273
226 273
228 255
229 273
230 268
231 259
232 253
232 255
232 270
233 256
233 260
236 262
238 250
240 280
240 297
240 313
242 299
243 315
244 311
245 282
245 288
245 294
245 295
247 291
248 286
249 282
250 306
250 309
251 286
253 290
253 301
254 315
255 318
256 296
258 305
259 295
259 306
261 282
261 287
261 314
263 291
263 294
263 295
264 296
264 311
265 299
266 286
267 307
267 309
267 311
268 296
269 297
270 314
271 290
272 282
273 280
273 294
273 297
274 282
274 301
274 317
275 319
276 297
277 314
277 319
278 286
278 305
280 330
280 350
281 357
283 350
284 328
285 340
286 323
286 328
286 338
286 342
287 346
290 354
291 333
291 353
293 340
293 344
294 325
294 359
301 349
307 351
308 352
308 354
309 356
310 347
311 330
311 346
312 337
312 357
313 337
315 330
315 355
316 325
316 352
317 339
317 340
317 357
318 352
320 386
321 390
323 391
324 385
325 377
325 384
325 394
326 363
326 372
326 375
327 396
327 398
331 370
332 383
333 386
333 388
333 392
334 371
337 388
337 390
338 377
338 397
340 395
340 398
342 370
342 384
343 384
344 380
347 386
348 361
348 370
350 372
350 393
352 373
352 378
354 371
355 369
356 380
356 393
357 398
358 398
359 373
359 391
359 395
360 419
360 427
363 428
367 432
368 400
368 411
369 414
369 430
369 431
369 433
369 434
370 438
371 430
372 433
373 433
374 407
374 420
375 415
375 425
377 420
378 439
379 421
380 416
381 433
382 425
382 435
386 402
386 439
389 413
389 415
390 431
391 410
393 401
393 418
394 410
396 428
396 432
396 437
397 413
397 428
398 423
399 434
401 456
401 462
402 460
403 455
403 477
404 446
404 452
405 467
405 469
405 470
406 441
406 452
406 462
406 464
406 473
408 471
408 472
409 472
409 474
410 447
410 468
411 470
413 462
413 463
413 474
413 476
414 447
416 466
417 453
418 460
419 441
419 462
420 463
421 467
422 454
423 451
423 473
423 475
424 477
425 453
426 452
429 470
429 478
430 449
430 462
430 479
431 455
432 451
432 462
433 473
435 446
435 465
435 472
437 453
439 445
439 455
439 473
439 474
440 489
441 497
442 490
443 486
444 495
445 484
445 490
445 497
445 516
446 480
446 512
447 491
447 513
449 509
450 502
451 491
452 485
453 499
455 492
455 499
455 513
455 515
455 516
456 489
456 495
456 501
456 508
457 508
457 516
458 519
460 517
460 518
461 507
462 487
463 512
464 489
464 507
464 512
465 485
468 483
469 512
470 492
471 497
472 491
473 496
474 482
475 492
476 501
477 512
478 484
478 500
479 508
482 557
485 537
488 525
489 521
490 549
491 554
491 555
492 542
493 547
494 544
494 556
496 532
496 533
497 533
498 544
502 526
503 527
503 532
505 529
505 538
506 529
506 552
507 550
510 528
511 524
514 549
514 555
517 545
518 530
519 548
519 549
520 583
522 586
522 588
522 591
522 596
523 561
524 564
524 567
524 594
526 562
526 584
526 586
526 592
527 566
530 577
531 599
532 568
532 570
532 579
532 582
533 561
533 591
533 593
533 594
534 574
534 599
535 592
538 562
538 577
538 587
541 579
541 599
542 560
542 572
545 562
546 585
547 575
547 589
547 597
549 560
549 564
550 568
550 591
551 572
551 596
552 579
553 572
553 596
554 560
554 565
554 570
554 584
555 587
555 592
555 597
556 563
556 564
559 593
560 618
560 632
561 632
562 620
562 623
563 607
563 612
565 625
566 622
566 625
567 614
567 634
568 601
569 619
569 626
569 636
570 609
570 621
571 624
572 620
574 601
574 629
575 635
576 610
576 623
577 605
577 628
577 630
578 613
579 611
579 627
579 628
581 617
581 630
583 607
583 612
584 612
584 615
584 635
584 636
585 603
586 600
587 620
588 635
590 613
590 627
591 621
591 622
592 630
594 605
594 634
595 635
596 619
596 631
597 629
598 618
599 608
599 618
600 648
600 674
600 678
601 640
602 661
602 665
604 649
606 640
606 651
606 655
608 658
608 679
609 647
611 676
612 647
613 675
614 662
615 673
616 667
617 655
618 640
618 665
618 671
619 648
619 675
621 648
621 675
623 658
623 661
623 666
623 674
623 678
624 665
625 651
626 641
626 653
628 661
629 644
630 679
631 650
631 653
631 678
632 642
632 643
632 656
633 650
634 669
634 671
635 676
638 657
638 662
639 657
639 670
641 689
643 689
646 696
647 696
648 701
648 713
649 689
650 696
650 699
650 700
650 715
651 686
651 700
652 700
652 704
654 716
655 705
656 693
657 704
658 690
658 691
660 682
662 692
665 683
665 696
666 705
667 681
667 692
667 709
670 687
670 694
671 686
671 700
672 691
673 682
673 690
674 690
676 693
676 713
678 708
679 680
679 690
680 738
681 723
681 744
682 724
682 740
682 750
683 721
684 739
685 727
686 722
688 747
689 735
690 744
691 723
693 723
693 724
693 728
693 729
695 722
696 733
698 740
698 752
700 734
700 736
700 748
701 733
703 727
703 742
704 747
705 733
706 723
707 729
709 747
710 729
712 737
712 750
712 751
713 745
714 745
714 754
714 756
715 732
715 733
715 745
717 726
717 729
718 737
718 740
718 743
718 747
719 735
719 755
719 757
722 771
722 787
722 797
723 765
723 767
724 762
724 778
726 762
726 767
727 773
728 778
729 779
730 768
731 799
732 770
733 781
736 769
736 783
737 769
737 799
738 781
739 788
740 763
740 766
741 766
741 775
742 795
743 764
743 767
743 792
745 798
746 785
746 790
747 766
747 767
747 771
747 781
747 796
748 777
748 792
750 761
751 773
752 764
753 795
756 779
757 776
757 780
758 760
758 775
758 779
758 796
759 766
759 767
759 769
759 773
759 785
760 820
762 817
762 833
762 834
763 802
764 821
765 819
769 805
769 821
771 804
771 823
773 816
773 820
775 804
775 805
775 834
776 807
776 810
776 839
777 814
778 805
778 806
780 816
781 802
781 826
784 802
784 804
784 816
786 805
788 823
790 812
792 812
792 818
793 815
798 823
798 824
798 837
800 840
800 844
800 854
800 856
803 849
805 867
806 840
807 846
808 869
808 877
809 842
809 844
809 858
810 858
810 871
810 877
811 869
812 871
813 865
813 874
814 850
817 842
817 849
818 869
820 850
820 859
820 869
822 871
824 866
825 843
826 854
827 852
827 856
827 869
828 879
829 872
830 842
830 848
832 843
832 850
832 864
833 870
833 873
834 849
837 840
837 852
838 862
838 878
839 872
839 878
840 889
840 894
842 888
842 915
844 886
845 913
847 891
849 891
849 893
850 918
852 895
852 909
852 910
852 918
853 895
857 911
861 894
861 916
862 917
863 893
864 918
865 881
865 910
870 917
871 899
872 894
873 914
874 890
874 905
875 892
877 895
879 912
880 930
880 942
881 938
882 929
882 931
883 925
884 958
885 940
885 945
886 938
886 941
887 925
888 953
890 925
891 950
891 956
891 957
893 936
893 942
894 952
894 955
894 959
895 925
896 922
896 928
898 929
898 931
899 930
900 940
900 958
900 959
901 954
902 925
905 934
905 957
907 945
908 922
908 929
908 938
908 941
908 955
909 931
909 932
909 934
909 939
909 940
910 938
911 937
911 948
912 950
912 956
916 944
917 944
919 934
919 944
919 951
919 958
919 959
923 973
925 972
928 983
928 986
929 969
929 980
933 963
934 986
934 995
934 997
937 991
939 988
940 961
942 960
943 961
944 972
945 995
947 980
949 982
949 996
950 984
952 993
952 996
954 965
955 978
955 997
955 999
957 973
957 983
957 997
958 968
