50 200
151
1 4
1 5
2 6
3 7
5 11
6 9
7 10
9 12
9 13
10 12
11 15
12 19
13 18
15 17
17 22
18 21
19 20
19 21
20 26
21 24
22 27
24 28
24 29
26 31
27 28
29 34
31 32
32 37
32 39
34 36
36 43
37 41
39 42
41 45
42 44
43 46
44 48
45 49
48 54
49 55
54 56
55 57
56 62
57 60
58 60
58 62
59 62
60 64
62 66
64 68
66 68
66 69
68 74
68 75
69 73
70 75
73 78
75 79
78 81
79 83
81 86
83 85
83 86
84 89
85 91
86 89
89 95
91 92
91 95
92 96
92 97
93 96
95 96
95 97
95 99
96 102
97 100
97 103
99 100
100 104
102 107
103 105
105 109
107 111
109 113
109 115
111 113
113 116
115 117
116 122
118 120
120 125
120 127
122 124
124 129
124 130
125 131
127 129
129 133
130 135
131 134
133 136
134 137
135 138
135 139
136 142
137 140
138 142
138 143
140 144
142 146
143 145
144 150
145 148
145 151
146 149
149 154
151 155
154 156
154 158
155 157
157 163
158 162
162 166
163 167
164 168
166 169
167 168
167 169
168 175
169 173
169 175
173 176
173 177
175 178
176 182
177 181
178 182
181 186
182 184
183 185
184 188
184 191
186 189
186 190
188 192
189 193
192 198
193 199
195 196
195 197
