50 250
199
0 8
1 9
4 7
5 10
7 10
7 14
8 14
9 11
10 19
11 15
12 15
12 17
14 18
15 20
15 23
16 20
18 24
19 21
20 27
21 26
21 29
23 28
24 29
25 30
26 30
26 32
27 31
28 33
29 30
30 37
31 35
32 36
33 39
35 42
36 40
36 41
37 41
39 43
40 47
41 46
41 49
42 46
43 48
44 45
44 48
45 50
46 53
47 51
48 54
51 55
51 56
53 59
54 57
54 59
56 64
57 60
59 63
60 67
63 68
64 65
65 73
67 72
68 74
72 78
73 75
74 76
75 80
76 83
76 84
78 83
79 84
80 85
83 88
84 87
84 88
85 93
87 90
88 94
90 96
93 96
93 99
94 97
94 98
96 100
96 104
97 102
98 101
99 100
100 105
101 109
102 106
104 109
105 112
106 110
108 112
109 113
110 118
112 115
113 117
114 115
115 120
116 120
117 124
118 123
119 124
120 125
123 128
123 129
124 129
125 130
128 134
129 133
130 136
133 135
134 138
135 141
135 144
136 140
138 142
141 147
142 146
144 145
145 150
146 154
147 151
150 158
151 155
153 159
154 157
155 162
157 161
158 164
159 160
161 169
162 165
164 167
164 168
165 171
167 170
169 174
170 175
171 176
174 177
175 180
176 183
178 180
177 182
179 182
180 186
181 189
182 185
183 187
185 192
186 194
187 191
188 194
190 197
191 198
192 199
194 197
194 199
197 202
198 201
199 204
201 208
202 207
203 207
204 205
205 211
207 213
208 214
211 219
213 215
214 218
215 222
218 223
219 220
219 222
220 227
220 228
222 225
223 228
225 231
227 232
228 230
228 231
229 230
230 235
231 238
232 239
235 241
235 242
235 244
238 241
239 243
241 246
242 248
243 247
243 248
