10 4
358 2405 2692 3447 4336 6854 7042 7405 8811 9561
10 9
490 2410 4829 6371 6400 7453 8702 9693 9884 9885
10 6
535 1185 1783 2318 6207 6567 7630 8213 8756 8781
10 9
915 1872 4339 6542 7995 8319 8434 8815 9294 9501
10 6
5 947 1397 2982 3098 3561 3868 4741 5391 7768
10 5
490 2272 2322 2371 2870 3560 3852 4835 8888 9703
10 3
735 1798 2285 3061 5157 5247 5665 5954 6631 9828
10 7
317 1264 1697 2131 6254 7678 8575 9225 9420 9898
10 8
874 2186 3036 3815 4457 4660 5116 6595 6944 8504
10 7
1724 3740 4607 6452 6625 7186 8313 9316 9911 9927
10 7
917 1819 1937 5566 6746 7248 8056 8636 9633 9752
10 2
294 699 1761 2745 2893 5252 7404 8385 9420 9947
10 7
1756 2440 3068 3474 3564 4041 4433 4836 8373 8700
10 8
873 1123 1676 4988 5904 7226 7740 7776 7784 9162
10 8
1969 2013 2114 2226 2712 3729 5789 6040 6975 7730
10 1
46 1638 2066 3114 3531 4740 5614 8023 8026 9377
10 6
716 1585 2150 2972 3023 3327 4647 4888 7158 7814
10 5
439 1862 2660 3597 6227 6695 8461 8700 8808 9791
10 10
1310 1351 1426 1938 4903 6486 7038 8238 9277 9673
10 4
800 962 1014 1723 3078 7077 7958 8337 9197 9751
