20 18
25 46 25 59 8 29 46 17 3 34 79 98 17 20 62 22 15 60 
37 2 17 66 48 14 57 39 27 81 19 54 39 45 0 16 56 60 
46 54 29 1 89 60 99 58 80 62 80 47 74 18 50 44 36 50 
58 93 41 85 27 60 39 18 57 91 34 66 4 80 20 33 81 61 
94 33 19 26 47 52 74 73 70 76 17 58 78 75 52 19 13 31 
31 4 49 89 96 35 55 52 16 27 37 49 89 31 34 60 10 33 
12 84 7 34 12 76 93 42 52 97 13 17 28 44 21 29 85 69 
64 92 21 32 20 59 34 61 42 20 21 52 54 86 88 13 20 52 
89 13 94 41 62 7 10 42 4 32 71 89 1 88 82 75 20 2 
34 54 63 28 27 36 81 81 74 21 94 95 74 35 60 20 29 23 
80 39 65 84 71 89 73 25 77 55 0 97 9 86 4 24 14 31 
13 47 64 87 69 10 82 95 45 95 67 74 18 47 14 35 31 85 
24 57 62 1 64 62 51 74 48 55 98 15 38 11 62 2 51 83 
12 33 30 57 28 50 84 98 97 98 34 81 35 10 90 98 12 54 
12 15 28 13 22 79 28 60 42 42 14 93 26 78 79 8 87 59 
58 71 58 8 69 44 89 5 54 79 55 18 33 67 33 14 80 7 
45 60 67 87 3 33 81 81 11 12 89 99 71 48 70 29 8 92 
25 97 49 80 28 4 50 13 23 36 79 56 43 24 16 63 12 71 
96 45 52 60 57 94 59 80 94 81 10 2 73 35 51 22 67 79 
26 70 44 2 6 24 58 49 48 26 64 60 98 61 57 50 21 66 
1 5
1 3
1 2
1 1
1 1