20 18
85 54 90 70 59 39 54 81 9 92 79 12 90 83 0 46 45 12 
59 20 15 33 31 54 15 56 16 44 47 90 7 84 96 98 6 55 
89 60 88 99 4 19 63 94 55 15 40 52 79 99 24 95 85 55 
1 52 63 70 96 62 60 55 46 8 53 52 15 95 64 56 46 69 
75 9 63 30 76 4 34 56 55 59 3 92 14 4 96 30 74 92 
92 86 48 91 46 53 95 62 0 60 18 46 29 45 7 92 28 84 
48 62 40 56 21 43 0 88 99 97 18 74 41 10 12 89 53 59 
95 49 73 47 9 43 94 38 88 1 82 68 37 31 31 29 39 4 
24 39 92 24 36 10 50 78 73 62 19 78 73 66 27 46 14 36 
89 60 26 30 13 9 98 51 92 81 80 31 86 57 22 78 81 11 
41 83 89 66 97 60 44 71 79 72 69 93 60 11 5 39 41 18 
0 91 21 44 73 54 27 11 11 49 41 44 60 82 27 1 0 24 
62 45 95 93 69 17 86 81 28 43 72 21 61 72 64 35 16 89 
89 95 0 0 45 42 44 57 76 71 59 77 95 73 74 43 66 95 
12 4 76 40 47 1 13 60 73 77 95 42 19 84 89 19 84 34 
13 80 92 42 51 51 71 99 76 97 94 42 92 6 46 20 98 93 
21 63 5 47 92 1 41 11 85 30 31 22 65 96 2 9 90 6 
12 61 57 88 58 51 82 50 9 28 23 59 73 44 22 78 91 66 
79 84 78 17 15 61 39 32 57 93 41 0 99 5 61 56 45 72 
59 27 74 20 55 97 31 80 42 5 10 85 72 90 70 50 59 85 
2 5
2 3
2 2
2 1
2 1