20 20
49 54 13 57 74 90 18 42 75 32 61 76 86 88 68 76 93 27 95 36 
51 68 73 94 97 6 25 39 20 80 7 21 35 20 30 9 62 49 51 37 
33 64 66 19 53 34 95 46 13 90 34 16 10 59 10 7 66 87 99 38 
68 58 60 55 30 90 64 92 91 67 30 24 32 48 96 37 34 91 83 47 
34 17 63 44 28 25 4 94 65 3 33 33 61 45 40 91 87 4 83 79 
23 65 55 55 13 51 92 47 95 27 46 29 96 61 73 25 39 29 19 4 
32 4 89 45 49 29 88 37 85 24 68 8 89 23 16 55 27 8 54 22 
88 1 51 84 14 76 61 53 6 81 9 90 85 50 36 87 79 76 24 64 
0 92 25 90 67 41 97 94 1 51 16 89 4 67 26 71 96 87 76 2 
20 86 44 58 36 80 45 68 57 21 84 9 65 9 51 32 50 48 27 4 
52 95 93 8 15 71 79 11 59 56 13 31 42 57 89 30 90 86 98 99 
7 83 60 72 44 12 57 47 60 84 51 64 79 96 73 46 20 52 57 79 
60 22 10 54 32 52 85 74 38 35 25 98 70 85 70 15 97 27 14 58 
63 17 22 95 65 47 41 85 0 51 16 12 73 79 67 5 31 4 31 21 
39 56 19 10 42 90 77 39 69 43 49 85 60 24 80 25 71 73 63 23 
24 79 36 98 58 3 55 89 7 87 11 46 43 30 8 85 72 37 77 94 
32 26 79 92 50 11 70 22 84 33 45 61 64 81 59 23 36 66 12 43 
5 75 42 1 58 2 86 30 92 15 76 24 42 55 69 92 66 91 14 3 
76 12 64 40 45 75 63 82 41 28 77 99 3 71 0 61 74 38 44 18 
54 20 42 96 28 63 40 46 54 7 49 82 19 13 23 64 40 38 98 34 
3 10