30
140086
354992 87635
348230 76041
68281 331495 374834
103452 250276 133279
62110 262399 46407
234190 70979 387715 281939
160003 21068 26885 343169
398565 100204 228038 307112
55848 107945 228377 345713
266632 84816 17057 354267 149398
209450 138900 197245 184284 242352
163873 33915 304463 26273 196674
255005 213604 300742 253297 373607
321810 280182 316777 36727 380387
261167 343839 36235 369112 172216 98300
352096 373384 115358 22715 122782 41160
161615 320027 341797 3967 83901 92064
24782 226526 288739 279788 40130 189481
133085 130090 227643 129619 163219 264370
110006 24386 208209 262593 109850 96777
360894 61946 186514 192604 84661 309296 233764
246276 345676 291913 366595 29577 383978 391378
372455 272717 387518 128937 178550 236955 259027
122545 366574 22246 103267 76581 162984 27828
339174 272834 124605 16420 51132 311119 325376
135793 336768 159141 98421 282444 51054 65017
28373 151384 172747 828 140453 160265 129765
319003 397220 105145 157900 80146 397952 397952 397952
243743 261167 156727 6728 288995 397952 397952 212254
395914 129953 345026 47047 157424 270403 397952 397952
299192 94192 145896 397614 92988 313302 178983 397952
121361 64687 351730 238541 205140 228347 84659 397952
240496 225567 306156 398396 305713 149899 375916 397952
178793 272979 381263 107399 268894 111216 52425 32293
268641 39180 331485 79185 185076 45451 172174 98379
224434 9887 163066 292516 364781 84558 397952 397952 120863
165792 325054 62782 71948 39803 84848 397952 397952 221847
15719 379993 94827 396982 87392 80073 397952 397952 397952
224551 256169 112366 93192 295350 43851 397952 397952 397952
288729 196778 89303 177255 295157 30089 397952 397952 187143
174575 322606 268276 259134 159821 34068 184188 397952 222604
106016 223991 23804 44215 356062 3797 255394 397952 397952
353045 207541 335467 177596 180062 164185 387140 191764 324389
275869 388543 13692 169477 283700 160133 356620 58276 199091
341248 317410 358913 375316 217950 297869 397952 397952 397952 397952
197684 158294 321673 241899 114356 41822 397952 397952 97294 397952
183753 365715 32761 361349 145777 196947 397952 397952 397952 397952
64841 337542 121336 57063 326085 251380 397952 397952 397952 226540
326137 127865 299512 100765 326957 240760 134527 2222 332428 352478
16443 130112 110772 54468 372011 225128 96290 69305 8882 62005
218419 86583 324134 131718 267777 261676 369406 397952 397952 324840
304113 337138 267732 230251 65003 167244 331016 108312 124356 65544
226886 56784 134374 243329 186896 245146 297797 158907 186626 110439
344565 311860 172444 279336 398444 212931 11054 266221 74607 96812
307413 378721 33950 175145 325324 215305 342389 256340 397952 397952 323618
66745 38236 266856 239881 288962 110186 26777 397952 397952 397952 134108
7983 302036 37087 118423 362953 348947 7219 397952 397952 397952 397952
242289 63743 220150 253343 46316 11110 350155 397952 397952 353729 389831
100457 128874 31507 315763 187615 4199 397952 397952 355733 370712 42436
222589 210593 331398 332775 237370 181859 57111 397952 397952 255759 335298
291886 218712 284245 15457 61002 64341 351960 397952 30697 110657 363070
97205 64387 69253 197662 309613 397952 397952 397952 100760 229777 97229
104959 185510 184293 263747 124452 394887 311498 173579 348609 209709 230690
204368 145007 238928 139433 145604 254386 200435 209945 206346 231132 320603
285768 328337 101342 355021 242352 10955 172133 72129 108184 277092 373992
292478 257192 98444 3717 168690 272023 352326 94751 397952 397952 397952 397952
219066 273047 239758 57994 12480 385362 28732 329267 311660 397952 397952 351430
276751 232263 237198 321441 333605 308571 163793 60912 80704 235922 397952 285449
74149 209914 294279 47693 24710 297996 397952 216383 296734 366674 311134 232152
239721 267244 290146 368553 368958 35231 397952 297820 280618 386661 174572 229233
340212 96013 279190 248783 376158 340103 45840 328432 397952 341904 236341 254699
236183 284034 279409 134179 100417 292495 100853 127903 397952 124647 56927 111499
131146 141832 196809 166377 39653 397952 77428 269390 330577 23013 209602 142942
18556 174738 235452 75011 220578 163884 16915 173271 18583 253098 57305 14345
103629 274074 23192 204482 118329 147840 377761 229828 395338 119594 26637 278067
275599 220417 147457 206176 359783 73412 65470 378339 248150 300922 169702 185080
64806 186617 358351 199742 156067 132008 330439 259696 6082 353631 180530 124411
217823 158292 354239 213161 397952 397952 394238 97228 397952 91228 397952 397952 386189
317646 355038 192365 393781 28450 374187 372120 392952 397952 397952 397952 275109 258174
294384 56267 44791 369087 372361 397952 200858 101095 397952 397952 397952 19152 176906
107177 372784 397952 357436 231588 397952 397952 190607 232080 302179 120121 342670 115759
211349 328859 397952 33405 166387 237576 27186 311189 211763 115658 304141 203224 90184
198525 375844 134975 397952 397952 167612 64557 52185 385059 83710 345443 92236 56494
302880 40176 363453 134960 58707 83574 193983 174467 397952 11276 122842 207872 177663
360419 351411 205205 172182 397952 397952 183421 109346 91759 273606 307872 67603 124933
191836 132160 293471 176896 215870 238914 385484 388716 258146 25661 352170 109459 84368
152096 303442 258835 163372 26284 183060 57388 386703 250823 262593 275238 150596 88291
366997 140554 112515 34600 381840 304352 283112 391663 197600 98983 230577 183084 204051
205076 325097 156221 314535 125818 24670 217977 101005 304394 360613 417 361782 347317
367592 340727 222555 118189 29019 305904 375095 141534 56856 356935 162238 339968 348598
76190 155303 295528 375627 397952 397952 359355 100604 17076 231928 397952 131491 142894 256598
349468 360252 160993 310081 397952 397952 360669 239127 397952 397952 373750 328262 179855 312657
162803 325226 218561 137898 183112 397952 397952 275417 397952 211186 61703 331738 276136 137893
87041 288016 397952 397952 397952 113520 397952 46396 104972 130597 278325 236463 389843 251275
302283 350095 397952 12268 328717 310765 397952 397952 367748 302467 355379 263955 215125 118182
189181 150038 397952 397952 397952 397952 397952 397952 372432 88645 141808 299970 150348 73546
292459 288242 160587 180475 118114 323336 397952 397952 397952 397952 1800 365063 318013 238263
354907 169288 256899 305002 397952 181557 397952 397952 185616 332119 149305 204435 3850 13260
19560 238384 318793 285951 397952 210817 7438 27759 227139 157787 217657 119598 162381 378244
16426 280495 17932 134578 397952 397952 397952 245559 335945 372841 316818 105234 346092 221820
3143 131708 270292 268800 336144 274142 398412 72056 112527 317205 74359 39696 40995 102118
383187 315134 36127 102786 193867 130724 235564 74363 148656 370142 36274 84602 59335 353092
306188 5428 291264 309331 253488 277908 294483 189632 152051 292895 378041 380930 326452 52400
136978 367447 270871 120165 398934 306998 222951 192801 37722 174867 383516 302731 145009 19790
103685 320697 89234 9873 397952 397952 42477 96851 397952 35556 397952 295965 374759 330039 201950
243162 339286 296343 340444 397952 397952 265738 348743 397952 397952 77422 233185 335966 197588 348471
359317 136891 141273 397952 397952 397952 397952 397952 397952 397952 113391 311759 124789 16122 173120
260932 236159 397952 397952 397952 397952 210169 66518 246032 252646 163369 397940 148612 254481 44331
350562 213995 397952 397952 397952 397952 383617 363257 154440 249355 312000 231862 198893 364319 145802
147364 323636 397952 282694 288637 37027 310805 129779 169502 83925 390711 5661 294095 57229 368046
146741 336951 82338 11705 191432 126670 397952 397952 78619 397952 5427 110287 41876 276219 359643
70229 224434 274888 34548 370236 22252 397952 397952 74536 252930 27242 227915 163735 157021 397417
364013 264084 119431 374460 37665 203829 237553 397952 374616 286167 249259 282400 129189 44230 4180
239477 86107 396751 315472 156336 221185 397952 397952 190360 307236 191422 212612 381772 44352 356206
209687 324440 229579 323457 288453 93663 159240 262913 247681 363069 100466 338649 365588 66077 337402
94778 110308 341582 50607 196415 338333 366079 69103 275871 272791 92691 67293 201755 74463 111645
157962 502 152437 387541 323959 40890 197557 199551 20155 161590 278972 236974 100239 244561 303051
37641 55691 129711 95575 222650 42478 150261 305081 111581 26132 177872 204272 93425 95979 395087
321422 253941 395590 190212 357835 35901 347454 271744 235453 367610 149686 230777 320936 249925 191690
340339 3919 363733 70051 215846 186383 112529 366107 397952 397952 397952 397952 397952 207816 340463 108591
385688 261087 202016 198020 372527 239791 51961 368117 30003 397952 126148 120370 377457 114244 72175 61419
263930 302953 382355 397952 397952 230208 94643 322695 234127 397952 58377 109098 166325 361112 221627 132433
168929 278442 241024 397952 397952 270969 139530 159393 68989 112057 115536 237303 196526 145539 79803 33248
239348 310400 105424 397952 17120 174330 124729 399475 4538 335724 38522 355017 110453 263972 121343 71566
85600 370128 397952 356847 80394 327504 344168 336276 86897 129510 48333 318785 366813 361211 180676 162968
394460 20025 397952 73368 216236 37145 364051 397952 397952 397952 57317 152972 84941 393041 307847 39959
219847 171819 397952 277654 7765 373771 364134 397952 364612 54166 291638 25132 390442 94888 154642 155128
130025 237807 232691 310702 776 227151 330727 397952 190496 159739 84224 154547 333408 353548 239489 326450
377747 395800 262649 149567 389806 270414 239690 353940 351378 10208 361930 376510 117003 173170 247505 272131
303196 85312 104822 213898 202440 48326 260977 392937 324417 61553 263836 257826 131453 103325 300628 109201
215477 279629 258768 205283 150043 214810 275575 217773 225019 353858 194283 342022 243380 41788 330505 262928
243453 151679 193178 162245 316357 54155 271534 240775 232060 135371 214953 363514 355048 231933 189067 286878
111562 164187 208513 377957 378997 84089 195730 204016 154299 390013 262390 397679 148154 192895 260608 107959
344575 170138 270204 260932 224294 141739 218059 172706 393462 149364 252572 64862 381297 41639 351740 209211
205826 160254 187168 301176 244343 382898 221544 114994 89264 83935 229025 237418 276830 205985 61729 337757
376124 331933 315042 316770 190024 249453 89476 299838 398818 397952 397952 397952 397952 58401 364701 96467 216392
316441 305679 138571 76695 209199 39747 37390 192098 261291 397952 152384 281362 397952 345226 97762 235132 338409
303747 13213 392518 279871 61498 307560 196641 251523 157014 2470 151361 272184 397952 60871 232414 368651 277263
148856 390682 132186 225551 199882 171933 379294 108332 149577 248030 106046 94803 345792 57530 149564 249540 70743
142083 245763 132241 397952 397952 165995 42405 100116 39361 161227 367830 311545 338450 200244 396549 332065 65452
387231 64252 7356 397952 397952 303465 236185 386650 11797 385762 234680 234195 196918 296825 291725 62834 146365
78820 321269 397952 397952 108480 211062 87265 397952 397952 267237 27530 126626 28464 395360 154524 83266 311957
151073 15332 397952 377409 254656 79584 384765 158122 32121 87767 286271 134236 322448 236819 47506 219273 128544
110340 81990 207365 31610 306822 134779 235227 174060 162309 78205 318876 274022 232729 2143 302331 383802 17475
279740 354811 213411 380858 112933 361884 68625 115556 96120 107425 352375 143626 43050 197272 370319 241392 120989
1929 148215 255768 353508 38627 134429 31713 357503 124803 264443 359646 27134 364597 93473 23227 319408 306884
4085 148693 268769 189062 380602 81241 12840 49329 224868 55890 246601 311539 13635 367590 313468 278202 339710
383328 316829 74140 15041 274332 198943 395836 350331 226078 360434 160156 365657 396194 183393 86094 144888 168514
275156 241842 249755 287996 291171 190975 60239 137773 102514 190226 221715 132334 68428 161426 115662 385257 351918
247056 375941 150861 242892 42624 93291 203326 202781 58948 315873 386174 145042 177113 271040 136551 18955 120795
140899 310126 28123 317490 164251 130637 107716 102319 379324 176144 263745 94986 277753 332015 58394 370047 82876
301287 12671 292520 104613 331804 67820 136838 34330 212863 313951 305370 65766 332906 26166 206665 359385 54289
124156 239988 301278 231872 342307 280602 124369 322404 91941 2122 397952 397952 397952 397952 254419 150335 88521 53648
51622 101193 62520 272588 32997 130340 125778 183680 59555 39730 89050 397952 397952 397952 125321 372636 231568 48339
48373 285857 172495 288362 303488 120719 347021 300442 361440 269426 108735 397952 397952 79915 240197 259071 168436 10197
27045 385981 72717 15985 135331 203058 141764 319011 378965 181494 8061 104287 270482 239630 152626 35208 241839 41473
323570 261679 278544 386943 162122 239985 256369 270857 36252 212919 246280 204688 223116 389678 190670 12186 5663 326001
215244 263779 245012 194209 161625 369425 14848 148460 325407 283826 183668 167247 325299 223590 145278 320196 210533 307400
276533 183255 294610 312785 396174 140890 117473 335642 130568 308143 347828 252584 350496 279424 232715 311860 189986 110693
281286 204834 259153 206693 205013 159173 90292 130312 382763 235571 166860 309648 142971 43393 92903 37581 356178 89077
294824 73652 141072 141744 98147 88900 110680 48644 84677 59748 360504 274663 170441 358142 195849 145946 164836 862
305119 255128 247527 4234 90699 14387 313882 350023 57781 6786 103956 13959 212215 398780 203963 353287 256877 302111
158540 367557 67107 243217 143657 143963 234232 314098 218458 30081 60044 383294 30944 81515 238422 278471 85749 45474
292858 399632 395497 66991 122770 99453 80951 334985 214586 1266 4625 71463 19729 163165 155372 86836 122734 299030
347152 356966 329480 165610 387047 389525 265256 134343 187392 220030 12814 273142 265504 22025 272774 377353 89016 395544
76807 286319 46881 7745 287586 51506 195560 307315 331023 350932 110504 170109 366314 174008 127075 295795 55970 230475
285320 321226 364818 189064 141256 93985 62206 123113 116010 51332 100466 321378 163228 293625 207698 210110 17722 95284
377968 213282 2599 308992 164215 229455 195453 130529 3463 322529 26324 59433 269356 27996 97011 350526 217061 238268
44511 395619 77733 276873 46952 294551 198252 210180 188177 5950 136642 322251 101234 230963 135534 220185 139955 299749
165993 51760 146630 169456 374289 289307 345242 359997 33655 42253 310524 367068 396873 355035 362688 74606 231909 125992
369158 30161 52524 273687 152463 305519 195938 370049 136482 397952 397952 397952 397952 397952 397952 331472 306586 392789 347573
72579 44549 210556 358388 18839 99863 303630 95188 249870 62235 5712 216939 59109 360748 295979 133715 309009 138323 219225
55522 190847 92912 324337 96366 288851 294386 349200 336675 200972 341989 601 389904 386539 211157 64644 121730 27372 368274
216918 277242 146861 222631 210533 205970 299731 222864 56038 325092 361187 275263 96966 268387 84528 21303 81105 89731 315689
30306 26406 233013 372295 27007 339269 358834 354516 3913 196916 381888 88539 13835 259131 235401 352818 186016 157723 252549
8881 213761 293993 86420 205377 390959 354807 289905 12262 152265 95988 44303 182571 122394 393668 271218 265754 49290 346405
336622 169555 143321 318511 258095 273508 293994 209848 226326 80010 83923 195227 205243 14037 89220 291664 219414 196531 362823
225671 208793 115088 321659 369448 14011 160405 79469 285230 142511 245111 231635 79134 14666 91308 113997 389113 364817 7991
315313 191143 204353 399237 102723 9597 13274 191943 17613 349040 388475 96788 291063 313620 211877 329074 399421 225888 89479
195242 227470 348343 40353 175457 143829 55019 266766 257826 160485 231583 382169 75798 139078 302874 75035 241801 28823 204661
150097 46436 153701 254924 143225 44764 284896 71454 90190 284317 13694 179670 195911 397952 397952 397952 241165 244365 236264
16622 388194 7636 399740 362372 168121 231323 60893 243919 86754 363767 318955 328555 392591 239968 195004 155379 110022 49928
14956 271138 334825 86410 361329 335494 100105 140999 131406 57622 101716 84022 190596 206262 91658 190337 168634 259779 138012
345879 220051 224766 309646 255358 269674 18589 95326 64678 290321 205348 230959 305277 76487 282136 391688 37816 333982 208145
295167 65388 382119 396883 265763 172715 203145 357421 363052 88131 333553 101065 150362 153604 42183 176360 8962 311857 194950
104288 92888 85271 25989 40199 106900 102476 322335 98588 140292 372669 23085 151811 154410 5204 148694 20173 177920 68191
377594 257324 272674 27499 74741 23036 181103 116925 199396 190065 145134 110698 10706 238022 312321 36695 394573 19222 139171
33260 234162 395815 5930 257248 147626 160340 262452 12672 180513 156724 80863 274459 130401 69889 301959 205142 92925 83062
38419 8673 389480 183554 119372 186 137928 31693 153233 132502 167267 8756 282114 1430 4571 288044 258678 268549 48384
237482 281221 228897 110559 78436 103357 240960 264677 5316 397952 397952 162454 357602 397952 397952 204730 200874 366275 194210 100780
201999 194396 355060 350045 63981 203914 117312 72737 86029 235094 397952 397952 77308 397952 374073 210124 62209 22458 47607 59782
367707 274518 254570 187416 231830 119247 192732 110636 76849 397463 27862 397952 159477 308025 128642 77828 218774 200055 27873 282755
3969 261538 355493 206350 96632 149153 180424 306757 211363 319234 70716 271145 3293 345234 125716 190710 293416 244963 99794 4052
38165 97257 31915 313994 121635 160557 391822 340409 76964 136048 223164 80934 397586 178657 287284 210570 327811 184060 117327 139174
219646 304395 126671 222940 249629 368739 13650 259397 213703 113444 263450 368220 327054 295365 398566 165041 172274 390388 105450 249239
126436 328614 46525 240374 223624 50161 50945 151435 350574 284624 6961 170220 189020 249984 109512 155001 218724 239514 14399 148779
352959 277849 116999 396365 289566 115565 161406 178192 222305 266856 27431 65094 311822 190308 21820 135446 356822 189117 3233 307396
73742 126546 193968 379114 376531 303481 134115 195255 142995 264866 344034 212306 259067 177385 208671 148633 9302 86429 43178 347959
69637 186961 13053 97812 377270 34874 349610 334092 223991 352844 357840 14085 79390 151808 393199 172273 171641 243667 83880 314637
108533 144266 126943 83953 321651 51967 232586 47305 254748 392116 395265 40738 179078 397952 397952 397952 124670 138550 156348 159544
88160 206792 99888 157356 280984 230325 353099 32792 223525 125372 204434 183544 209253 235423 397952 397952 8429 353519 78718 92382
391523 130685 41321 155180 101786 33437 150445 142524 212515 275116 281074 85215 151012 85586 292007 367252 242943 397952 397952 172991
197578 196042 322136 137455 321414 242922 37351 247019 78345 45780 200539 157063 138163 308414 4101 179484 63594 397952 222239 212921
330392 364763 141789 321860 362189 227004 189224 47775 119012 272829 290718 8355 186759 86760 46843 40566 124527 289765 397952 397952
77917 371546 84462 123697 288437 241526 378212 196851 361979 274048 376798 184218 203322 23542 265333 345111 345402 227522 172115 250978
275297 7479 123807 166016 132187 26918 369128 179030 67484 93655 68796 145401 65202 269610 385451 353639 111136 80015 266843 189467
354064 359993 90037 157386 383535 355370 102497 45289 182892 390964 12619 174542 398444 136427 56910 130631 163345 26038 26013 347182
119694 211161 208935 301248 80772 194386 371239 308260 390754 354434 97728 344818 314427 187765 218556 14314 143136 321053 175955 42380
28369 188575 216922 26813 41354 273832 273796 321051 299871 16162 268233 135917 227323 77169 153517 308095 387907 124756 216356 378661
195543 30436 39831 226322 218201 258387 240637 77689 295792 132944 120070 324162 321519 53344 397952 397952 397952 397952 67327 362873 327177
57476 283925 343400 73638 268510 195669 17313 345679 349186 325409 49939 397952 397952 397952 190294 258117 397952 397952 144952 102189 288553
184784 328512 223106 159523 285501 17148 55316 18445 253570 95830 339965 397952 397952 397952 306914 163157 19190 350443 336985 19467 293843
126975 287978 205864 144289 350009 155050 186050 399948 61697 44167 261253 163886 49072 46037 92398 388530 205560 94251 122030 377228 112697
375600 73058 169014 398867 352568 304556 349310 289553 324024 359506 16529 328354 281722 277170 394715 36773 63220 111016 214822 223739 372269
378708 272811 18306 187459 377693 340218 398062 99724 317447 110759 191676 390505 396125 190543 59425 300682 256206 65331 341058 332064 198212
269412 213786 75382 264127 366911 138602 91495 181733 362341 63764 276794 351504 198422 180605 45549 138641 178667 145273 56088 5779 336950
162945 1904 243845 338723 302586 216403 4054 359996 148467 202266 345760 362254 277648 326240 45517 132602 17735 227251 211295 81500 220397
162799 279922 117354 208348 18563 296021 69974 191003 301800 123276 70301 20057 367121 9024 38995 183525 13078 398992 48344 215344 344752
126950 209344 270992 172468 341946 288728 116071 153241 86580 52820 32392 366502 170174 357092 101418 182547 143418 8773 200700 266694 79074
220757 350168 204450 259752 250045 333880 375096 298389 265576 319849 141692 74920 307193 397952 397952 397952 397952 397952 397952 314160 133218
312273 146583 286459 115205 199403 35203 81708 85929 392296 299478 268476 135714 24603 69176 397952 397952 118761 397952 397952 397952 397952
220030 6285 68929 24480 266038 35326 74713 357486 333715 340289 393687 191759 15210 17233 397952 397952 222271 148428 397952 397952 397952
329506 368854 151240 44712 284609 186443 242772 370538 295091 258602 355367 147158 283205 140895 265919 103235 147181 397952 397952 397952 51200
244068 129571 86526 318781 87057 397952 136593 259070 80745 328353 390632 97978 150624 255413 143836 235831 6653 397952 397952 397952 304900
236792 309448 264024 323683 320892 397952 122626 279050 68050 122184 19945 50321 225419 167126 101521 69487 13049 304399 388268 100107 157344
363691 297204 85697 354323 395182 397952 397952 352674 209736 255370 304857 332741 160271 141649 358542 24295 65332 279434 263274 60734 63836
385458 197032 114157 210877 80510 332030 396717 93560 236429 101337 193667 393773 181380 207223 195823 135704 202405 264849 61792 174127 169706
110886 334398 27707 185780 75046 209392 65214 338320 386478 245402 323778 183510 359559 251007 264021 291589 364076 73933 244370 181766 267600
238143 363146 191175 150318 215202 109932 15167 276995 284059 301225 104233 334810 328933 290013 9856 254677 71579 64528 241155 316981 104658
24666 392892 355665 5039 284481 36094 78972 245203 217860 62924 199698 181006 254099 350017 396209 364031 81536 389556 248090 382762 210141
182900 28047 100154 309108 399076 288085 373636 240231 205066 78294 381249 197958 150312 386288 397952 397952 397952 397952 198791 302758 181612 160346
120618 244536 360044 17976 214987 26413 130537 179018 107950 120093 143461 207064 46586 42713 397952 351463 397952 146740 68174 350539 34825 158162
307122 356243 236457 4724 270553 103121 391012 185696 122231 288977 346042 359201 249865 22439 397952 397952 397952 377177 64853 48852 224067 360223
273154 60512 220036 196570 107099 379102 264385 253839 47276 331276 5017 205438 238399 77612 158247 243123 348166 377720 350487 250214 99951 355816
312609 59152 205682 335048 152682 386887 100252 376749 347110 89759 37261 283499 2681 144360 262601 267067 114552 309877 198343 235921 231667 153094
313533 389915 112569 378051 83987 179409 344618 183939 135225 257227 359443 340907 308627 112125 327794 125231 205226 391257 214990 242488 274756 217672
103200 253709 201091 334104 163586 399434 170025 111605 268881 199911 101520 381450 294314 185508 160859 238932 85799 296085 96159 45242 353344 121138
157368 397491 246370 362594 388748 61360 321434 379856 395384 140987 233565 196475 75091 113503 312262 361469 225108 181143 161380 42981 278945 55694
344841 39805 10979 30640 52242 223490 75882 121938 344629 349602 119429 190999 28549 224529 368711 349983 320737 80448 207322 154302 276923 282414
384157 305537 243883 325618 203032 121615 368599 198330 293661 313440 238135 304640 60432 6729 244483 136314 128667 189112 202269 248097 96463 230818
188978 65174 297153 109716 145622 220828 264018 138898 103242 364528 160787 63477 290146 397952 397952 397952 397952 363820 397952 185092 375097 162150
195105 288537 116637 216098 65321 239718 60581 317987 368385 249693 120256 332834 346156 67426 397952 121813 127682 397952 397952 397952 397952 80932
231529 389657 301760 211899 128555 121354 292779 5694 184831 182925 85866 86275 158022 397952 397952 364368 281380 397952 397952 397952 397952 162911
81005 97478 228232 37075 158059 146220 121813 124104 382828 54647 186612 166607 292812 314295 247539 240693 20304 265651 52593 265211 387005 345372
270905 288188 244650 356772 374463 397952 119024 321140 372195 281936 118498 186026 226520 155573 60437 397952 397952 397952 89092 277386 184542 71921
48386 87506 354880 57550 118153 202419 298244 138457 184422 67189 3668 171427 128913 397952 397952 397952 274574 175967 373563 231346 266782 208940
268838 238977 207228 387336 141355 33748 397952 397952 397952 259262 201793 239193 253000 102687 27466 301386 190193 382346 358937 308347 301117 373533
163156 85539 40722 166825 373318 169635 157751 149285 259551 389097 16067 68491 374287 371396 275719 77976 112752 25819 337238 314545 265012 190238
17232 292478 207977 323777 391176 283266 348476 292293 256799 111633 377832 297521 278458 351150 183508 36209 216787 43059 141658 232854 111550 115945
204251 387269 310273 317003 13089 247511 347900 394453 154102 81484 3284 78431 5261 394460 361697 353738 286754 334848 181723 380938 348721 60181
48441 132229 212742 265228 175289 354400 214435 286839 186697 18686 390461 96971 52041 119902 397952 60834 116293 230707 397952 331288 197777 233991
126071 319390 228452 204120 273128 231558 138968 54851 328848 87689 231384 377289 219919 44126 397952 242518 111560 114878 397952 173305 114751 17928
191991 221564 231251 360384 341466 292085 76677 288526 339726 274454 122517 65797 193844 67321 269918 183325 298879 397952 125238 354528 227728 329280 185913
321369 265551 346391 280239 377111 61270 53544 91862 79198 361887 29779 26801 322271 87597 397952 35238 115300 397952 376123 374964 389754 98641 157114
299951 165962 143384 199628 181194 384974 154156 8922 314254 56421 330291 179805 119165 326883 397952 273268 296787 380427 365131 92337 342315 111262 119138
264586 198859 154376 379887 174983 245693 85993 273624 2807 102296 155938 262543 301924 337132 247517 172433 346054 161772 345206 392698 57929 64371 319581
331198 361158 16360 12681 53495 358675 123943 288985 223262 322802 43362 319501 97785 289055 121846 371409 291862 224143 127348 270757 242419 180832 118274
14852 126887 280046 360059 235937 337976 140782 271870 269174 218293 288230 398207 388140 246906 122150 277126 186520 44952 320488 222373 142738 209543 344219
230499 217757 168362 74199 88514 10782 255032 206788 141986 98271 203187 218397 50560 257515 359180 38782 243041 293825 327012 241248 281965 290270 363398
159091 193142 124702 79579 15515 383792 5474 76087 214292 339583 244449 4843 28097 371583 376227 351238 229922 190850 270777 48319 241410 128292 123851
280192 87685 17676 323557 45285 299642 330179 8683 175085 123322 249737 371017 255189 233530 376491 331276 164174 316075 292078 169017 60524 380013 261597
128114 209935 52447 398891 258255 293858 243535 98458 290402 331220 116135 330311 376505 397952 397952 397952 132129 260491 101540 23566 383813 351278 394583
355354 184808 87427 286631 348982 119854 295061 234351 180378 275074 95948 308493 85010 397952 397952 397952 148396 23736 397952 59617 158606 267272 158075
49008 314844 390562 95672 291350 239043 356163 392890 262610 56328 60520 257193 11682 361680 60972 14665 310662 180826 397952 309726 261366 77557 184801
357314 102402 269811 222062 126138 45780 380668 109762 203855 146029 24607 194418 241701 397952 397952 397952 315957 397952 397952 397952 397952 149813 197864
25199 12423 370544 202072 385969 382226 163752 46941 396892 74415 227768 22970 52133 21677 207771 397952 9447 124079 193934 231510 366569 356066 328530
76332 159922 74559 100939 70692 397952 32612 16896 220505 346828 158447 349281 397952 397952 317372 397952 360519 335250 15951 124272 397952 397952 98543
129195 315039 42663 152165 367172 64340 76289 92971 188419 386575 324481 154989 342642 397952 397952 397952 369364 347673 102564 160275 397952 397952 48612
289608 192888 181860 226465 256068 397952 397952 397952 397952 340307 175746 289793 17179 227348 305744 141451 325892 34939 172842 368555 397952 303456 140014
32896 379745 232985 337667 366321 273819 209008 397952 397952 308963 359535 156681 127879 119810 205293 133839 29050 103505 76656 285119 43813 252403 291264
60992 79751 197008 318795 121995 348299 397952 397952 91637 90551 251755 348003 239799 347853 297340 177466 314174 287511 102827 339489 247046 375860 183720
366857 297506 33911 112259 1011 110567 113730 161176 79322 4994 222168 275426 318354 257315 397421 266653 65304 204324 118409 13307 44123 66262 27000
337942 96788 314511 40769 152629 161558 16629 52701 244767 30487 86612 73378 31499 397952 397952 197179 187109 192675 397952 397952 276502 308455 131196
151928 226810 388511 265701 93463 170168 70026 328224 299827 114149 110838 326827 168443 397952 397952 207626 241339 209212 397952 397952 360255 119249 342194
12956 80368 372681 215920 153746 120532 129452 57207 313208 5954 365663 160756 274234 397952 397952 192473 265619 256287 397952 397952 2288 35787 326313
330513 335615 156815 41351 262442 325258 365330 220133 250823 41937 339382 193017 171246 136102 282050 387166 289849 397952 118935 116618 347056 148495 238924 29071
309251 229510 221544 291222 202150 340185 327010 128463 387050 378977 285278 144753 241419 326889 110083 177905 177712 397952 152021 233639 87081 39619 369742 369131
143137 259591 204418 376108 322999 352913 215032 352071 378516 160895 289967 269739 363045 230152 196749 207860 333554 292078 209491 78308 133497 136380 188391 27754
314092 56764 261394 1173 212735 231136 86656 355873 207079 291075 331981 130078 360340 263365 198501 338857 140612 204821 208596 220009 151325 121697 27870 84880
13775 237361 163188 263624 373741 67931 7731 4185 241048 269125 5358 53783 216613 208366 9656 23692 215793 57989 270122 176134 321355 68624 114991 61967
273445 39939 281977 24770 277988 26199 226002 8115 379912 389190 388091 70005 173474 395822 74190 14522 264947 195900 68305 81560 4266 194314 221604 220060
252303 91727 396194 290010 276703 227537 68330 266500 383828 66659 7622 378168 92858 233625 386283 72770 339167 374374 142775 112641 370197 333317 127163 351496
129217 311821 33057 133483 106135 371013 69895 74790 179092 182441 364801 172147 126330 33131 38647 110158 216142 162622 88326 309000 112599 190961 98122 51766
165336 357249 280760 251885 290566 124275 203381 19783 152448 352790 269618 258583 323804 55866 49726 102896 238307 130879 275044 364638 280362 397952 30043 191148
96504 309017 395827 5504 21616 186788 219978 189735 68476 177227 70495 320361 67793 311122 123743 397952 397952 203928 397952 397952 397952 397952 63571 192885
189898 38506 116689 245764 88232 335938 200424 335463 327334 281414 215825 357377 397952 397952 397952 397952 397952 397952 397952 397952 72562 312329 382747 68389
34185 4363 371530 254163 194098 40006 31390 380945 76720 215535 8420 397952 397952 316815 135815 71991 397952 109700 397952 397952 325714 226849 342742 287830
31434 278680 204606 366897 322366 86020 182723 396095 158583 95052 378842 397952 343324 129238 383206 31206 99753 397952 397952 397952 293656 187565 131144 390954
264285 63031 399374 181100 198847 187717 7152 240913 14566 349894 128743 397952 46000 344926 333350 12898 267292 135722 397952 397952 397952 195621 263388 294305
7025 358582 353982 252615 58140 101540 352369 351797 289105 199865 342751 397952 397952 153390 262896 58477 50842 178095 397952 246194 397952 57995 19008 260760
7889 264104 306761 69168 313806 36011 336460 49528 347984 316200 60186 355009 274783 130520 397952 207625 49275 232060 276346 397952 397952 397952 1072 121166
76211 60175 390908 55459 118652 397952 397952 41751 233555 364846 99746 368915 341959 397952 397952 223987 349371 365072 397952 397952 397952 293155 263177 1083
229616 29058 349067 262168 205596 20428 397952 253303 336116 228053 302579 168176 104399 20003 5694 296962 80179 396603 397952 397952 352422 198831 38354 302329
280030 254452 387596 221989 78439 336968 397952 397952 187061 371595 316497 304496 317563 61907 253563 296083 267503 273991 397952 149387 203619 218397 168318 88148
39148 188321 210194 336111 268500 397952 397952 397952 397952 206797 4885 183684 361503 307214 63714 215955 11162 2055 10747 348130 305468 98694 380980 209964
16257 42887 179879 397952 397952 397952 397952 397952 312340 310391 170222 178079 230362 388619 346397 34862 27768 134719 397952 397952 245057 80231 119571 168206
85116 303255 129710 108682 83321 62017 119844 85376 189116 184327 390844 287810 165307 397952 397952 397952 317160 20419 397952 397952 208194 97039 332760 234937
267262 227191 65300 372233 173589 100162 116353 24660 345219 312936 144231 229778 398052 397952 397952 397952 163839 75840 397952 397952 223086 247160 254209 59283
48889 43326 243610 156085 331136 125269 189598 67908 49815 286637 668 284753 397952 397952 397952 270251 344211 66405 397952 397952 242485 117800 166567 75190
258812 228139 388127 3044 174269 102531 283235 250109 325618 246747 104318 101253 11988 147644 61215 168074 195133 397952 397952 186484 357672 263041 352651 360661 380061
237404 230913 324272 20161 189750 158425 303081 264940 17237 131220 369419 136633 305489 71951 19868 271950 397569 266616 376268 215174 278604 240265 276389 163030 35398
179225 237054 14791 131876 314068 111204 85633 144981 151828 105794 51083 310253 8875 32375 43843 256447 1795 180476 278288 73746 316697 150238 187667 299665 126507
2841 294621 366772 395582 174004 118522 174807 11058 133313 23035 325126 360869 108668 186459 112697 330815 353894 139303 339690 386270 183146 312490 104417 79974 190778
294515 113023 341017 198534 12688 183876 201375 23662 267000 313309 197666 385522 88116 325076 235187 111151 366555 196056 336172 269366 25105 266987 397952 397952 223261
164408 323029 325883 63906 235519 146652 143881 26298 41167 373256 83667 239701 102297 267543 157428 125959 397952 134543 70737 39977 236417 275205 397952 365053 71604
102708 47960 384012 38880 317327 9117 305867 140588 289878 228897 182823 353784 64416 329475 214017 397952 397952 207066 370642 187274 290733 210343 397952 5923 274628
84123 131882 125523 154860 288211 78292 30065 369616 266248 132773 17577 250260 171654 334904 375730 397952 193873 191844 397952 265608 139122 374667 335744 319891 304142
149762 126957 391136 53388 134043 201479 59311 125023 285602 307545 250547 156814 195756 328839 303231 281724 195088 36004 397952 397952 299301 397952 161700 324010 350557
253782 234236 258753 235742 373358 233420 171487 9601 253914 37601 136559 245050 90989 386954 162881 397952 397952 266652 397952 397952 397952 397952 111977 164835 174197
78876 321649 86305 124068 224880 368029 35508 377237 383683 313560 17599 334240 167343 251835 192994 3085 397952 397952 397952 341546 142766 174572 351147 396681 212173
87706 358083 19514 191012 120965 286166 19342 2152 176715 98218 323802 379372 338638 265034 347402 374146 397952 358623 397952 47437 287707 376223 381677 55050 228058
291023 174487 169604 150142 65412 237104 263175 277585 41162 221258 13452 232175 58575 15970 251517 60728 397952 397952 397952 397952 192686 66087 100882 172058 4726
82268 235812 378872 40892 283249 382931 17115 381279 154333 361525 388654 328821 247482 138796 394233 84586 118323 388170 397952 397952 125748 55934 117974 357923 114509
133945 325792 291589 42983 391880 392471 331393 396606 74740 283558 91830 231984 166807 74762 249099 264438 229095 326976 397952 253093 397952 397952 397952 397952 157916
174458 108241 268501 259044 342917 256672 101145 398851 90998 175420 113360 224943 101213 4950 384278 93093 113773 315672 397952 397952 397952 397952 397952 206051 304865
199230 297881 136849 82389 372643 102300 346828 318091 29277 316273 192359 203735 140866 397952 397952 397952 397952 60861 397952 397952 397952 179132 397952 83783 33885
280277 82634 124883 55697 195995 66179 156910 317297 50457 366355 31070 366129 172406 52288 281711 397952 397952 70288 189137 397952 364101 159283 397952 291438 27281
77374 320715 343554 269734 240802 200772 330595 19934 284556 80832 300211 367190 205715 355909 279537 388246 229171 397952 397952 397952 397952 397952 397952 313186 38704
195527 60609 4833 367933 112897 2897 397952 397952 397952 154573 302034 366998 313857 309824 110631 391231 397952 397952 346891 54185 397952 377317 187694 371309 307912
207628 255865 105096 397952 397952 224192 339408 397952 27164 180101 218945 15410 397952 397952 9272 132132 54114 204799 397952 397952 192741 175300 289085 21990 178197
160010 324024 261547 397952 397952 73867 350201 372178 181451 297092 142715 397952 397952 158768 397952 397952 397952 201138 397952 397952 397952 114024 183033 125119 369890
288129 349311 309298 397952 315293 129412 244595 47056 255036 93079 101170 176188 397952 397952 397952 397952 397952 285820 397952 397952 392822 181625 307810 171019 341635
348187 148918 131855 14740 121096 313306 28184 380163 72074 229323 397952 397952 397952 397952 397952 397952 94188 255107 70794 180430 259589 20105 206080 291234 265869
167027 338290 237257 260107 39461 13445 262279 32283 311422 286442 397952 397952 397952 397952 319655 253058 350981 184925 384913 365721 306022 14571 110257 2537 86645
55932 213077 58105 126726 109859 34046 146831 315939 325280 129052 199319 263571 366310 59426 19384 96107 38057 168019 397952 7530 324499 204026 376940 275480 388952 78205
357553 11326 92776 67811 13863 295773 123743 343293 70230 366822 53152 104276 230005 85444 145909 359058 284763 9480 397952 397952 41720 60541 145216 137827 98598 29587
261709 139450 233614 238649 14930 222566 316854 88836 350244 9630 272999 80459 305404 113094 23752 91986 79916 76905 196263 309922 162349 342172 385332 163464 68004 27052
224005 213220 164879 38955 242807 26589 178405 192773 381590 309688 131691 298445 398524 81935 24427 271523 278747 46183 384617 302499 138170 180886 95756 334433 90808 397952
374457 392957 76140 137921 177313 103192 78278 106885 384423 117234 66044 127364 295639 258818 108955 205327 390509 7400 320203 188797 148179 308078 67544 397952 194363 397952
292696 86395 332533 189934 298504 383318 397094 272961 92627 73234 127235 269940 292778 205513 397952 397952 397952 376825 393553 39099 42869 120918 51091 18039 229873 372770
8549 353625 292974 313698 101804 201052 97594 296167 210100 300341 345052 397952 397952 397952 397952 397952 397952 116386 397952 397952 198845 44722 397952 113480 188159 137349
186714 315394 7289 195844 237259 100466 189398 276359 259688 310316 43802 397952 397952 397952 397952 397952 397952 277727 397952 256541 16572 2628 210166 25898 316326 311970
343303 130272 208138 153403 30614 269542 269790 345811 314265 383270 397952 397952 133970 51614 286337 397952 397952 397952 49364 397952 397952 397952 175256 198533 2976 275722
104283 279335 251762 130951 39489 129490 387492 56061 132118 197658 81960 164797 109629 25263 11421 397952 34119 295018 158387 397952 397952 397952 303661 281160 104199 217926
380783 354521 385893 383472 120238 161149 182005 123214 153223 2641 118901 4986 133592 158390 250828 397952 121085 214451 397952 397952 397952 397952 99298 35095 12763 264095
144724 154378 391869 295195 49397 150256 315209 46909 370807 133135 27692 325329 235380 397952 397952 397952 127516 397952 397952 397952 397952 397952 45567 396529 397952 25874
168781 266105 28515 287682 387443 162107 162424 238271 399544 376875 337569 34640 105991 318017 295716 260369 397952 397952 397952 397952 397952 309886 190912 397952 397952 309766
60142 106121 73028 30950 355608 100720 356279 190989 344589 118198 397952 397952 303870 370463 3331 286327 398978 291013 397952 397952 397952 273770 277437 53437 228393 276982
146664 282315 27974 252655 200332 323690 113025 226570 230954 397952 397952 397952 139143 397952 286712 337075 212171 397952 397952 397952 397952 34014 9036 397952 29244 106645
316377 373833 224843 336599 60648 228174 222927 59626 397952 397952 235539 213049 53415 397952 397952 397952 397952 397952 397952 397952 397952 397952 397952 397952 5328 157795
330397 268345 40110 358371 237352 356794 398414 350377 183364 229368 205873 186428 282796 397952 397952 397952 397952 397952 134396 336795 291832 279992 43440 324561 370177 384636
261160 30825 329162 200439 206803 164702 129841 260219 286382 3988 306968 271079 160450 381692 108432 397952 397952 397952 397952 397952 117244 380106 397952 175161 16960 209474
381034 319740 92270 397952 397952 231783 256535 100454 228127 16328 25015 198305 964 2528 345482 330126 397952 397952 319319 397952 268638 397952 397952 211180 49160 128857
213915 53148 152177 397952 397952 397952 397952 84994 397952 213598 133869 397952 397952 193426 47194 397952 397952 397952 397952 397952 397952 230327 368588 180506 156154 65974
100247 364776 297757 397952 397952 356782 397952 397952 397952 65231 242237 373110 397952 397952 397952 397952 397952 397952 397952 206598 397952 397952 40542 90426 325478 102376
20553 244798 371014 348085 293958 216223 162000 63459 368401 363347 393409 397952 218622 156773 397952 397952 397952 156956 397952 397952 397952 397952 48950 241713 337462 205104
307688 37709 169880 397952 321797 110844 351463 164034 83954 274414 397952 397952 397952 397952 397952 397952 397952 320928 290733 397952 199892 397952 397952 23305 311286 44690
110671 375723 55001 397952 397952 397952 397952 397952 326895 254076 234812 397952 11648 397952 397952 397952 397952 217423 228221 230270 90548 397952 397952 385177 395572 332262
322640 200676 356302 76701 86909 278099 187545 397952 397952 397952 154724 397952 397952 397952 397952 397952 397952 158486 387852 397952 397952 397952 397952 29138 79414 278585
229031 102719 306223 273721 213391 281946 45074 256638 136022 397952 397952 397952 279886 397952 397952 268286 69797 108108 98556 397952 397952 397952 397952 397952 276698 209637
94129 325312 248629 11157 281614 325331 98066 276065 112876 252791 34551 100728 281929 113966 379313 227312 216685 285536 217386 146428 283835 262460 3066 136209 142347 271352 206007
366807 86261 199057 292796 180390 124369 141426 191547 5983 66757 5966 282048 295985 375109 316600 396714 373390 146918 92379 397952 200703 363603 94268 18089 226384 397952 397952
378103 396901 229450 230664 139248 217155 153023 222407 303416 352080 115204 200158 76449 256630 108057 198784 39739 230375 197185 397952 335724 205484 230137 48790 295227 397952 377055
257522 212282 57010 68142 346723 283394 46245 343624 229197 276909 199225 162704 29933 21632 66120 98365 136836 382630 174815 109818 90687 89951 149557 321063 287136 397952 397952
201634 242899 117273 366776 254478 210680 224298 66760 267691 292440 13483 151085 55037 73460 96634 48299 397952 397952 397952 397952 272685 259338 194584 397952 294317 397952 397952
41810 292949 147506 24440 184116 257324 231480 390420 123234 152543 277556 324868 111794 111182 397952 397952 397952 397952 397952 7996 366273 321862 348647 149385 189553 357439 162869
56991 128829 236329 153625 177128 109014 129316 88064 119683 171126 397952 397952 97365 267189 397952 397952 397952 311919 397952 397952 397834 124514 397952 397952 143399 388254 247748
12294 382162 288968 124088 93344 13316 206713 131559 361963 356099 397952 397952 397952 37464 397952 397952 397952 319403 397952 235320 210807 48232 188001 80785 341712 13367 210101
146128 133050 97579 243493 240 9498 241327 241106 152897 229581 397952 205206 165191 211744 210526 397952 5632 397952 397952 397952 397952 21440 223842 212345 269351 185806 284796
306816 221561 120116 233975 386145 308117 314760 44209 37836 241213 190337 170887 338793 33830 287479 397952 64643 397952 391510 397952 397952 128585 333893 221091 50143 397952 397952
99084 149187 260669 221068 286980 84511 149766 156331 386669 34562 179499 324582 271031 397952 397952 397952 397952 397952 13475 397952 397952 27079 295500 44587 71288 397952 397952
333337 285801 377977 220576 340946 128160 108055 5589 119670 352992 339482 57113 3135 397952 154919 322653 263804 375987 397952 397952 209633 397952 397952 64667 397952 397952 397952
242105 82316 167689 276668 378168 92271 264051 107995 235703 159551 152582 23343 209240 397952 154735 1321 397952 29816 397952 95681 397952 397952 129481 397952 397952 397952 397952
137871 101271 365503 90863 157105 22616 210350 312024 61621 74154 4364 271254 255174 397952 246469 397952 69923 22863 397952 397952 397952 239489 48091 397952 397952 231486 397952
103540 272438 67189 379444 25020 90533 397952 397952 397952 305036 179756 397952 208206 397952 334853 397952 397952 397952 391789 397952 397952 54039 189076 209412 19542 396292 366518
158510 206642 278542 220132 397149 399258 207738 252323 397952 245728 277661 275186 201569 397952 397952 397952 397952 397952 42104 397952 397952 223024 21462 314542 290214 906 55915
97099 22294 352023 21657 73499 60164 75696 378928 269577 95238 91572 236095 253748 397952 397952 397952 14566 230989 73880 11715 397952 397952 230248 397971 380390 192328 391984
371928 393897 34089 194953 15359 64983 201519 132617 237250 298618 154912 305625 36627 228411 397952 397952 397952 365790 112323 323691 235367 397952 397952 207561 15263 71462 177661
29830 18803 367894 41545 249051 365865 397952 138288 157731 357849 397952 397952 110216 151629 108290 305169 397952 397952 397952 397952 397952 397952 397952 166988 173274 106688 15958
126876 121658 287222 32502 397952 397952 397952 158285 231985 398292 397952 397952 270608 155677 233659 397952 194521 397952 397952 170940 397952 397952 397952 397952 21473 372183 200770
40276 340077 358668 5680 397952 22294 397952 96956 163411 380143 207172 31392 88434 397952 397952 397952 228694 397952 397952 397952 397952 314733 378060 51734 330691 221288 173393
217913 253790 48030 49898 252082 34991 321927 202093 229512 92868 223566 397952 397952 318047 397952 397952 9990 397952 397952 397952 397952 397952 397952 397952 380195 374476 85010
102227 396770 298318 265638 93266 221843 13383 298052 50537 328116 397952 397952 397952 397952 397952 397952 392464 102271 258807 397952 213752 392016 397952 397952 193072 183895 156399
359322 35977 191390 281250 354423 137254 90470 294341 171654 216812 397952 397952 397952 397952 397952 274536 146130 301823 397952 397952 93115 259253 397952 200141 75106 68871 21984
88489 83275 188873 16605 75739 291145 391764 5843 399513 184836 397952 397952 397952 189738 155912 260510 342068 63654 397952 397952 397952 141760 397952 397952 397952 296491 200909
348582 190832 88915 165395 181721 351397 67218 274836 327002 383711 349942 395873 5696 397952 38431 195500 194569 171388 397952 397952 387591 202066 163152 397952 393435 317932 64340
299525 73844 324851 241593 253851 66611 254436 54760 15194 161621 260027 296941 59694 211424 364159 50882 138427 347870 117177 250652 69918 155608 46153 380840 43349 33744 182906
206501 143531 217190 270842 43057 291035 312045 1002 261238 378656 255439 315998 110202 133412 292377 7143 193106 103801 87654 243988 242228 35525 361165 209233 221795 233126 255386 202635
392827 289130 101894 199328 32662 319084 186522 192071 326471 98567 193073 187709 193576 164864 220059 20130 298276 112436 143626 397952 397952 207734 216238 231280 168075 174818 397952 383157
245592 384051 204953 195070 239437 123940 187897 244920 225834 103578 393934 261271 290100 186005 187742 105020 95430 91804 14948 397952 260295 311863 35078 274923 140652 178704 82658 73242
126337 250733 248060 109494 212677 348464 30799 7748 304253 154740 195645 265525 96926 15575 259459 358197 305676 161816 262292 397952 397952 397952 397952 397952 397952 397952 397952 127048
257247 354096 141996 117542 382311 293426 392465 122963 188483 191475 196205 314820 158560 160618 140666 371238 109082 171466 397952 397952 378986 13335 42558 397952 397952 397952 397952 290983
278861 255836 306559 254672 330386 328587 16489 192678 171987 390088 263126 313983 107630 245437 397952 397952 323761 216447 397952 397952 397952 397952 397952 84753 112244 7923 397952 397952
397310 27064 166483 157928 167731 254073 383362 55549 349411 113050 397952 397952 397952 214459 397952 240395 108263 397952 397952 397952 70295 263306 397952 397952 362935 117033 308245 95776
309711 80232 85864 289189 394215 309846 250979 34328 242646 335732 146573 250569 397952 49394 397952 173637 133404 397952 397952 323675 57720 103830 307037 229621 53241 20087 397952 397952
44080 9988 244702 230728 273294 207638 347761 181539 19766 373825 261771 221983 263014 372338 131829 113993 397952 397952 6667 397952 397952 397952 397952 374475 166077 269592 341396 331824
43229 191153 255499 217302 294983 162536 46923 348224 298976 91004 74565 260030 38084 397952 347859 67668 397952 397952 385845 397952 397952 397952 397952 245751 203787 76022 223874 25770
339037 312565 273951 169382 319232 248427 51812 305176 306175 383636 348405 397952 397952 397952 97328 239135 397952 397952 165707 108663 397952 397952 397952 118023 328983 397952 397952 56888
133351 19987 131453 393382 174423 195664 177402 160268 157767 97541 236291 381642 397952 397952 397952 397952 397952 397952 397952 397952 123311 397952 397952 397952 397952 397952 291680 294207
397263 177414 329791 362042 229226 234967 384569 329214 299724 81898 284701 65432 397952 397952 190561 119077 397952 397952 397952 397952 397952 397952 397952 397952 397952 110767 363801 252428
247106 211606 362162 21529 123623 255917 298149 281390 353458 250792 263032 76770 397952 142472 157239 397952 190385 36239 397952 397952 397952 87030 268779 397952 397952 265465 397952 397952
38349 253348 311032 338074 51598 195733 397952 119858 397952 242160 314810 397952 397952 397952 397952 397952 397952 397952 397952 397952 397952 230625 322313 283591 77731 133920 245753 99260
257543 101670 397409 138933 55129 364554 397952 118318 397952 248251 107026 275557 154988 259617 397952 397952 397952 78940 140119 125083 117289 393467 36115 55363 161418 348200 175221 119930
263011 122198 42243 146602 199929 292515 108707 15541 266410 326730 129303 121696 98211 397952 397952 397952 397952 93857 240014 397952 346462 317235 231923 217802 176853 27215 357921 18288
144505 67740 170755 316220 229158 118955 207794 349088 381966 329992 107684 244920 397952 397952 246274 397952 199 69980 397952 397952 397952 397952 397952 261815 382962 396710 391118 104658
94921 84975 344672 157735 118563 397952 397952 292947 375537 295416 320163 397952 49810 313704 64668 117550 84459 397952 397952 97240 397952 397952 397952 397952 63061 319766 305034 12149
18085 351379 236185 379357 197653 397952 236385 49337 59468 219347 46047 166939 40357 257320 368266 385029 15055 397952 397952 86829 277976 397952 390592 397952 382245 198139 40402 12301
379159 274305 213112 192752 337366 132879 97786 65867 150964 49165 302053 130321 363170 397952 397952 254790 296011 397952 397952 397952 22639 74137 397952 397952 342058 189578 230846 315731
157844 215875 330786 244674 210203 37731 343271 124695 78133 71925 220206 352438 397952 397952 397952 397952 397952 397952 397952 285037 397952 12958 397952 397952 397952 6156 134268 227097
72024 1584 392614 374077 248258 355785 228867 144269 378424 19356 202679 397952 397952 397952 397952 397952 284354 250202 118410 397952 397952 158550 182429 49197 3224 108984 86928 62848
350031 281413 134773 170238 350204 136162 299548 356360 386783 126645 397952 144736 397952 388367 397952 119260 118813 352977 191397 347680 97246 169821 83388 16278 170527 333590 251040 329077
116019 300237 48654 341356 103517 227854 291387 101283 78979 61625 397952 397952 397952 397952 167839 215141 77526 240551 318276 397952 397952 204171 397952 397952 397952 385288 306644 39783
104101 259621 231180 168134 73220 117353 251522 205850 287880 185113 56890 216958 17484 397952 73480 381964 358840 397952 397952 397952 293349 397952 397952 397952 397952 209818 366580 394632
288797 144557 278823 220290 222083 119375 138567 142607 104663 161563 182390 208764 137536 129923 93250 210756 247276 397952 397952 397952 397952 397952 344773 132958 251509 246238 189849 184819
380074 263329 166783 55267 273030 376601 21847 267663 381750 166404 146486 202040 104840 265861 340607 247447 86876 218522 29837 397952 295641 356059 159760 105243 283167 123389 50016 16126
374898 12606 205975 159717 109033 185656 326500 164300 58686 19453 302499 42701 1203 185255 305540 319595 290095 287753 376555 137542 374630 195077 167380 397952 386623 151136 43492 91866 34304
283233 258235 166782 258131 270841 372757 17848 379874 274765 60700 260526 49803 196505 163025 208857 314060 348281 114397 233656 238376 397952 2150 397952 397952 397952 397952 397952 210211 92271
93132 5288 376003 79755 272777 19495 287974 23433 302729 262561 190215 277212 249754 162972 11413 345981 154089 72113 206507 320244 397952 384971 397952 397952 397952 397952 85885 129101 299031
150518 243498 132687 105246 362001 59250 197517 55133 180891 173520 251241 53668 309368 255567 77101 328449 118128 267316 205661 397952 397952 397952 397952 367882 146640 397952 217074 397952 397952
313863 17081 5540 236723 337325 390511 322608 182779 289542 73126 26277 138582 178372 104630 197832 92242 276116 95075 265762 243709 148743 175130 397952 99276 397952 397952 397952 342196 397952
219931 333756 325864 25593 301638 188856 242667 331854 322289 364559 168577 259615 355070 207537 42394 244613 280663 185023 397952 99547 175387 6006 397952 297379 267629 282122 397952 397952 397952
392455 249744 125831 257550 141226 341459 316099 361158 275215 358315 103103 293205 147172 345770 341411 69461 26682 109988 397952 45428 381752 33877 397952 397952 204174 342717 314540 397952 397952
105550 42264 206280 111556 339644 190261 110030 48451 40005 352213 22353 297584 293672 397952 397952 338452 397952 397952 397952 258742 285239 296768 397952 397952 361845 294796 397952 397952 397952
160292 23967 352560 346105 50649 62548 391534 148754 212778 312060 91471 127318 17610 397952 397952 397952 397952 397952 133736 397952 49950 245518 189732 240212 355548 354535 396569 307761 397952
376888 294153 317785 31693 269247 319376 44813 347444 330525 205105 87764 283085 267562 397952 397952 397952 397952 397952 254765 397952 61985 397952 397952 375448 3519 274763 287509 94991 397952
118434 21471 228727 284736 383342 134811 124948 338890 89346 237870 363004 397952 397952 397952 397952 397952 397952 397952 397952 66234 248375 397952 397952 397141 214279 397952 397952 117623 32870
259092 181419 363395 180549 269183 362832 48112 123949 24817 23560 127468 15933 397952 397952 27421 397952 397952 397952 397952 397952 338811 397952 134367 397952 397952 397952 397952 397952 48893
283890 19103 148587 18701 260404 87477 108047 98274 166833 290634 397952 397952 397952 397952 397952 397952 397952 397952 63001 397952 397952 397952 280327 397952 221265 180624 397952 397952 397952
313197 80358 78396 276592 377259 347579 239424 141723 187880 380593 397952 397952 397952 165284 397952 315349 397952 397952 396526 397952 397952 309057 370512 397952 397952 397952 397952 397952 397952
130893 74302 254403 266349 222889 273104 126753 26719 97504 341379 193552 397952 397952 397952 397952 104490 397952 397952 397952 397952 4380 73879 325755 301357 397952 397952 397952 103428 122465
379753 380020 216077 43684 335796 357800 397952 231565 32742 123084 263266 397952 397952 397952 397952 397952 397952 29268 397952 148494 233778 276514 222796 88181 397952 142863 45686 77638 385968
72405 175142 327347 382309 395984 48079 172541 321739 349436 275969 160557 397952 397952 397952 397952 397952 397952 45541 397952 397952 372342 376634 89226 308138 334434 37143 340880 173871 16761
86501 322365 250539 363015 261513 55073 105878 307199 132711 208198 95956 24205 397952 397952 251897 397952 397952 194618 397952 397952 397952 20189 299976 367159 58280 365765 243128 218837 11306
215470 311823 216884 239961 362610 370379 297193 252833 387140 383694 175198 397952 354032 346709 153063 9105 168939 397952 397952 397952 397952 397952 397952 397952 176615 141816 93489 272571 282373
345386 183541 302562 245363 150700 360842 211128 110181 296032 338786 325651 324207 272023 281964 286817 358754 179158 397952 397952 397952 397952 397952 139650 397952 345895 279204 31200 16279 342266
184264 25384 227557 360879 283552 321047 349802 165925 266433 133344 184839 111796 396 145681 397952 39276 110577 397952 158065 397952 397952 94415 36229 397952 82273 82790 34545 369090 41544
330055 108741 103791 209260 256293 236422 151526 40557 261806 95435 117788 261710 16482 183943 397952 27635 397952 397952 397952 397952 397952 282916 317287 328826 397952 111064 317683 74508 266693
144613 348925 77460 180842 31198 160250 331739 116641 318146 261795 397952 397952 341734 397952 397952 138290 187407 198027 397952 397952 374712 55285 354937 352871 150720 72725 214581 167203 256668
358569 166471 290307 287395 277535 324343 78255 260580 68956 143533 397952 397952 397952 338040 397952 366150 174731 214642 397952 397952 14241 291372 249141 276036 233106 103783 63443 147486 78495
118728 102423 147718 269449 291500 78652 153004 264521 397952 397952 397952 397952 153573 319475 271180 157320 313362 397952 397952 397952 195523 351928 173943 380831 95461 228335 63333 270192 42978
77575 277917 8471 353611 227375 112254 133407 91213 397952 397952 397952 397952 307101 368487 193636 54820 354288 397952 397952 397952 201489 249824 107292 66010 119749 26767 337190 277069 56482
132714 345349 230425 229897 40810 175112 293231 27355 334442 397952 397952 397952 87158 21624 342913 40769 365351 55167 290528 56565 78621 259016 250201 249793 213304 51690 99617 36949 234052
219366 180068 171243 212787 236550 20309 158137 183327 250206 397952 315299 74792 259789 342654 9234 346947 80630 352148 397952 397952 104069 45982 123667 110949 102547 202288 369965 69100 52081
299622 237143 151698 52923 71195 87416 232991 397952 397952 397952 242438 16556 185894 379099 291045 85573 345658 206344 160365 205447 265351 169600 268747 345981 238100 89168 391963 361767 200117
94510 164056 286435 279963 216137 302409 117106 84188 355332 304653 287956 304675 263444 20864 206921 242543 311909 292495 188201 118254 169212 110001 99957 397952 397952 338812 95100 45938 176912 184268
37902 255032 384385 248764 19088 387172 128727 351577 289581 362185 152117 361265 266839 156426 382293 130283 177290 189214 372826 89200 198061 277380 397952 397952 397952 397952 397952 323806 367274 103733
23763 306086 198833 69701 199351 99453 223955 54383 83838 189072 189823 187363 34151 141400 76944 396337 293518 154562 379528 166296 397952 397952 397952 136855 397952 397952 109811 343586 326069 198989
32786 124131 192721 72944 91405 296454 96707 113843 211639 282761 313194 311092 106716 83929 111283 12140 273752 298646 46292 397952 397952 397952 397952 15153 91942 42629 397952 397952 25023 246504
138509 191319 383359 248320 134905 309429 163661 284044 149912 356383 356988 241317 369189 170048 355160 180829 52809 384707 91921 275877 68636 397952 397952 319556 397952 397952 397952 288018 342389 218202
50662 73894 26497 209643 215269 273001 348152 122940 256361 312824 374197 282142 76485 258241 32054 32868 331582 389723 118410 217982 61235 397952 397952 299239 270791 397952 397952 162294 107512 263020
230931 27069 267390 289672 361623 34404 79918 104472 244047 295187 377474 192199 134479 350187 105023 108676 348681 297861 397952 83270 97087 47081 14852 397952 397952 397952 397952 86810 165491 349186
148045 64730 336329 310340 288595 199349 257623 315664 183092 263647 393639 217496 343565 98112 61544 355104 191938 370095 397952 89583 258477 191471 314611 207158 205684 397881 397952 397952 397952 304245
252765 129085 391055 18257 78271 255452 82987 14600 282144 371582 330302 256119 3598 397952 397952 397952 113394 119766 113590 47242 179683 328054 108786 251139 119992 195234 57074 397952 397952 378469
103057 371686 301979 308741 369567 206224 161506 98653 313631 179763 176924 169083 379103 397952 397952 397952 397952 307877 167580 397952 67037 238179 397952 23699 186988 67925 259818 16930 397952 115167
155853 344984 340306 6993 181328 135540 64067 276149 354949 35753 178128 263690 121673 397952 397952 397952 397952 397952 397952 397952 397952 397952 397952 384352 141548 397952 220326 297983 397952 37664
113602 183418 133119 137831 67350 316508 376010 91050 103496 160287 67220 397952 397952 397952 236778 397952 397952 397952 397952 397952 397952 397952 397952 397952 275455 397952 397952 397952 397952 223073
181762 215761 230066 79442 67653 10486 355591 22602 162591 133719 2644 397952 397952 284264 397952 397952 397952 397952 397952 397952 397952 234423 260544 397952 220942 397952 397952 248758 298208 334545
32177 31327 188728 99527 347836 281091 306929 167684 41378 90501 4463 316833 397952 397952 397952 313575 397952 397952 397952 302577 248946 259993 382020 316599 397952 397952 270479 53963 55553 33071
187683 174549 317335 138458 35094 254630 387217 333302 189175 135746 80982 377903 351625 397952 397952 397952 397952 397952 397952 145170 375346 374907 29206 16725 65408 150021 333558 378983 168951 298857
238977 150971 331808 225808 321286 387362 397952 397952 397952 397952 375231 225321 278263 397952 8919 397952 363780 313357 397952 263549 350997 363012 52724 203095 397952 160346 146979 154720 21868 122326
129627 51074 255403 195036 201096 305313 290371 86399 204170 397952 397952 245700 237370 397952 397952 397952 397952 135979 397952 397952 71509 275008 239693 397952 397952 46740 100330 117956 55659 64110
147666 319208 131459 227030 88284 334554 387376 351616 89274 125596 397952 397952 397952 397952 397952 190294 397952 335254 397952 397952 397952 176670 45697 397952 397952 246642 94118 67362 137013 180517
271533 99066 134239 123864 170575 9248 363557 333667 109578 197865 397952 397952 397952 397952 397952 397952 397952 397952 397952 397952 105679 290040 397952 397952 397952 61883 141239 21499 288913 345876
356053 392641 13844 161679 234589 320490 96933 11260 366187 343575 397952 397952 221730 33549 196941 118600 21434 397952 397952 397952 397952 296007 252839 397952 397952 145298 182934 378439 225207 232953
204369 139425 54984 94409 201308 312576 115908 206574 258452 71961 397952 397952 397952 397952 397952 315567 388648 233641 150157 397952 397952 397952 397952 397952 397952 309138 46926 277769 391677 390502
99499 141578 303795 334451 163013 199802 187291 24663 99088 282082 397952 249871 397952 397952 332041 86452 389296 103378 180861 397952 397952 397952 306956 15954 397952 13122 229882 274406 85083 261802
263054 35076 11959 172192 82003 6080 163869 188857 221931 305447 397952 209004 156383 397952 397952 184812 8806 60026 397952 397952 209476 224246 342108 175699 272639 28560 281347 376017 325774 188303
391971 338896 134538 382729 140331 396340 362135 175408 124651 250679 373763 247083 14548 278972 397952 69014 36348 87976 225397 337512 213134 1775 146988 153732 343884 322687 26371 88796 320386 2389
14570 225042 110712 69818 359580 93442 210150 397952 397952 355920 55577 101910 196923 306257 192025 44006 37157 70997 397952 397952 229372 189857 275325 54770 127370 204811 172897 390710 358543 116781
29750 384914 321930 350136 387303 52852 175178 397952 397952 397952 397952 214368 122671 134758 307810 49173 207030 79739 397952 397952 151083 120305 102348 59460 280663 139506 130457 110036 45715 122134
281158 173085 326945 54055 280148 285488 170837 309898 270402 397952 209119 376386 374058 261971 151565 188426 384642 2675 397952 397952 212588 33815 326058 8679 301250 46363 111028 360710 327027 366886
207519 37063 12601 329653 34573 302039 372950 88628 182187 397952 258438 375817 208437 245193 184936 184823 219251 46908 397952 336388 124029 147902 55416 52969 298070 381474 61648 315672 144189 172676
276383 187568 255914 200254 340983 268516 246260 397952 397952 397952 375556 170555 219210 64185 69094 77649 40002 277531 39194 341291 62354 258445 388199 115095 98826 252453 170511 151795 150523 151985
329795 66196 296174 102472 58931 83743 358386 375537 141078 343254 221797 116635 230161 41008 180820 299255 235009 337174 293138 274203 278465 355493 249000 383016 70588 64178 235470 357451 215973 102345
