10 10 3
8365 2764 7623 574 882 9343 2219 1489 4063 581 
2347 7780 5451 2269 8834 2169 9542 4150 8861 7652 
2236 8170 7074 2744 6588 5053 2209 3985 6457 4949 
1450 5459 8192 2812 6639 675 2043 8707 3211 676 
2182 9082 6868 694 5505 7214 2701 266 1941 8706 
8751 3448 8586 1937 3881 9108 5463 8258 6598 7487 
1404 782 414 1146 8733 830 1407 6672 528 8312 
4541 148 2345 8299 6375 6617 3699 72 8588 8417 
930 469 5022 1816 8246 2076 3111 7442 739 3833 
4889 1345 5695 3316 1050 8635 3868 6139 1087 972 
