50 50 3
8571 1786 6186 9234 5340 4583 1696 3678 8486 6469 5797 555 1177 6112 7916 3124 5140 8059 5892 2378 517 429 2736 8679 9071 3628 1159 6146 3422 1256 3901 3586 1111 7483 9522 2774 484 8656 6777 2323 5470 7266 5548 8416 3051 7286 654 623 3707 8827 
721 877 4782 2368 4681 9804 7704 6055 8433 2494 6663 2298 9597 2214 6292 1803 7983 4745 6760 5568 6317 2059 7490 2510 531 2087 2358 5413 1397 2430 551 7325 1288 7524 5128 2783 8273 5399 2560 4311 8126 6338 844 249 916 4465 9738 7137 3657 5382 
6131 399 1571 7307 2231 5635 4176 6697 832 2406 3223 7497 848 681 559 3304 4028 5217 9375 8832 4494 1251 8166 2709 1829 7405 7468 3549 3408 6422 8696 9188 1579 9622 243 7614 3720 617 9981 4414 4001 8175 1198 1591 4413 7640 9872 705 4978 4607 
3067 3055 75 4740 3153 5374 2041 222 9772 560 510 369 8084 3866 7112 9404 4789 4875 7227 1974 9808 7838 1186 1259 6833 5601 1239 6417 625 8183 9729 5584 877 4443 6670 3185 9447 1302 9393 389 4795 4483 2285 5770 9637 1393 4995 8378 8577 1641 
1592 7540 8355 6609 1659 9887 8088 1071 3190 9612 4284 8466 6594 5244 6317 3421 128 6610 7312 7269 8357 5450 7027 1118 3989 2729 4003 5249 1284 1031 9727 4513 5832 8459 7612 6334 6787 4757 4907 1897 9537 2066 3448 249 6604 6539 3811 3837 5400 7279 
1540 3251 6124 5411 1867 9689 1677 9127 2966 2114 5826 9851 7271 3515 6371 6417 3477 6894 659 7956 3682 1559 6960 234 780 6501 2888 422 5304 9123 7615 3537 2524 728 1982 9978 3931 9004 4350 1691 71 2940 1189 8718 4994 1023 4272 6416 6373 8601 
9458 8501 21 1424 4012 5580 1778 6158 8526 2004 3650 5063 1004 9807 1790 9915 7940 246 9819 222 1183 2157 9996 182 9271 1209 3126 7300 5240 6767 5092 1575 3785 5103 5980 3518 2189 2880 7537 9660 3157 7789 3690 864 8280 5521 5395 2534 9798 2544 
2579 5160 4921 8342 7486 9497 222 5059 1116 6660 2386 791 1258 1904 1872 3402 5599 6679 9322 2991 6449 3415 214 9514 2249 5320 2955 6192 2228 6271 1611 1822 8939 7986 6788 8605 5654 813 9682 7700 2093 2373 3463 6191 6559 1643 1902 5966 6598 7636 
8956 4545 5274 8102 5848 306 4293 9573 4252 7875 5079 5855 1228 5498 3148 5220 7111 7386 2139 5562 2620 725 9471 1760 6399 2911 8283 9890 8619 2292 1449 5468 970 2252 9140 3138 2771 2990 2312 2656 6036 2706 5734 9213 289 5148 364 4038 3627 6902 
8484 8376 9491 957 9276 29 993 9743 9318 6171 2257 6035 3537 7145 3725 8602 4935 6675 7489 7316 5240 5952 6810 3366 2648 5779 5920 4811 500 8431 1479 2680 763 926 4544 3844 7818 7508 1685 7720 2616 9823 9605 6083 996 1985 6381 2162 684 2833 
6456 2734 1231 1503 9719 310 8804 3719 6276 7151 4381 280 7683 3560 647 8086 283 1763 5091 2412 324 2257 6729 613 5714 2717 8411 7197 6577 2044 9 5540 992 83 2116 8163 5314 74 5556 2706 3299 64 349 2121 2201 1695 943 8998 3003 2321 
302 9774 1702 6546 3042 5351 6653 376 6815 9573 1057 7905 1063 9156 2370 5436 1710 2678 1556 9739 4319 1148 9958 2839 4894 538 1327 4244 8989 8775 7257 4518 1875 8050 1410 8788 8537 6811 2289 8732 6455 3793 6742 5480 3135 9544 8421 720 3047 6910 
8277 2464 2109 8957 7476 9994 2022 2771 9837 9983 4952 9568 1388 4283 4681 2512 6289 1566 4728 6507 7972 8850 2330 9657 2424 8281 8343 4073 5235 5863 8374 611 5484 1953 8774 9245 870 1908 2191 3947 3308 2696 136 1195 1997 4470 5578 1856 9515 9704 
9797 7453 2846 8721 4818 2084 1534 5901 6104 8847 2689 4954 3619 351 594 9686 9762 4931 3411 1418 6768 6012 5796 5016 3141 6046 6708 402 5101 8825 4439 4107 6458 4169 7080 8801 4582 5579 449 8475 6971 1474 6153 3471 6694 6120 7358 456 7817 2136 
2164 6598 4641 1564 3228 7350 8167 4178 9704 6020 5770 9589 1821 1758 3021 7145 4634 939 8733 8070 185 6683 1559 8297 323 2128 1959 4728 5241 670 4051 2948 2448 8607 8377 5556 6172 651 2246 8223 5121 502 6554 2666 8758 1881 632 8371 4955 6678 
5297 1533 8092 7286 547 4398 5383 5797 5758 869 8346 6209 5176 2031 3376 3838 2530 828 9838 1950 5243 5709 9192 7183 8403 8929 826 8085 6034 8577 1284 4490 7049 4136 5 7587 2985 823 2539 3509 884 9896 2650 1799 5201 8945 2316 5610 8099 7035 
9608 1591 2620 9508 869 3559 5950 7138 5472 6217 6035 9993 7884 2543 8749 862 8090 2666 3520 8429 4026 3992 6575 1208 8769 2714 3732 3057 427 1403 2532 4490 2738 4926 2674 7387 8431 2359 3043 8404 9249 8205 5810 3588 44 398 3301 1817 7460 6452 
1328 8504 3098 8438 4056 4863 3030 4770 8746 2473 4357 1161 5261 1394 9429 6156 3766 6923 111 2166 5515 6193 1652 6522 7833 1833 4076 78 1129 7759 5098 647 6721 6607 6804 3896 1000 6035 5329 2629 5516 5727 7316 6221 2167 2761 3448 24 2622 4428 
6236 6796 5644 7391 9586 2486 2943 402 4547 536 3570 3497 5397 270 75 4268 447 2645 1525 2253 1275 8733 4912 3932 765 7614 8344 4263 7044 4586 6036 9414 2623 4226 4928 2935 1826 9660 4812 2005 9817 4882 2246 30 7388 6414 4598 53 7587 3893 
1737 8933 8348 530 640 8631 2731 3301 2569 3926 1569 5675 6398 8433 576 4895 8541 7185 9021 449 7177 8091 9271 3158 1390 5176 280 7953 1866 195 1114 1009 4186 1075 8667 2618 9235 5642 8420 8168 3906 2125 5782 5202 8934 1236 3494 7867 6413 4084 
299 7807 9372 3308 549 5100 5523 4637 9616 1534 751 3502 3866 7056 642 1566 1761 9071 2832 9515 672 6801 6796 9891 3084 5623 8931 4617 266 7439 4918 2698 5587 5229 6334 2112 7850 7370 2843 2006 9422 8189 5726 1982 8011 9258 2088 8416 4566 2808 
9169 3539 2280 7944 429 7841 7050 2706 45 8566 803 6530 6882 9977 6062 9523 295 9390 863 3562 3536 4923 55 1191 9629 3610 3974 7304 8723 4751 8657 7294 509 9738 7060 35 3215 1711 3129 5532 8763 7348 506 3292 4344 2458 3699 3578 7392 1536 
300 4196 1464 7220 2053 9891 7061 6171 3203 9505 4429 8820 250 3768 3020 4408 8155 2908 8 5124 1409 3724 1639 1194 9638 38 1328 4565 1723 5289 5519 1980 664 6718 9709 2313 592 4185 9295 7882 8169 2173 5069 5687 202 5086 166 9813 1430 1627 
2114 4058 4921 4683 824 1842 5648 3239 5538 5842 4157 8632 3710 7355 4715 5506 3334 1505 8255 7282 2129 1229 2368 244 2955 9375 2313 9113 1011 4184 9308 2646 5588 6839 5801 7424 1302 9762 2543 4599 3894 952 738 896 1059 3029 1774 4632 3850 149 
9499 2933 9733 4668 7554 8351 5151 2422 9486 7023 1915 5562 9702 2119 166 2452 6362 5971 3658 9700 5356 1678 5300 6913 5842 9912 9496 5873 3881 9558 1987 5325 1724 970 6338 3697 9268 8053 9633 9090 4802 3306 5910 5187 1547 357 2032 2233 8020 428 
8538 6829 143 37 2340 5859 8484 4056 9315 4265 9635 8214 2152 5393 1432 1770 1775 7010 6849 3375 3593 2156 444 5762 7788 267 3108 2905 2121 7102 7902 8676 2191 6136 3983 3859 2350 5047 2321 7785 8110 5315 5893 5455 3505 6601 8074 716 5942 4808 
5119 6963 6207 588 7077 9966 7942 7818 5369 3930 2283 8635 2241 4674 6465 3036 2213 2561 810 9620 1184 3330 9072 2104 534 3066 1654 3084 7432 344 7102 6027 9926 1163 3100 169 6165 342 5130 2519 3105 64 1885 3527 7444 2927 7737 2752 6728 6949 
3489 1540 8009 1771 3761 4752 7999 4222 1423 1332 8235 9895 3583 1107 3679 3551 1878 109 7651 3554 5410 1627 2117 6563 1208 8059 1792 4017 9053 942 2145 4761 7065 6189 8678 6428 8265 3811 5447 99 1316 2951 3850 223 9313 9224 4274 4790 1063 6430 
7815 651 3204 2831 3692 9452 9746 6399 8205 770 2455 7532 2407 3429 203 1305 8173 2238 9808 9640 6600 7729 1821 4670 5054 2731 8284 8289 3398 6312 3925 277 8651 7688 3002 5320 1215 610 8980 7835 5314 394 9421 1186 9715 79 2480 1438 7190 1912 
2910 5800 663 2145 5411 5568 7262 9360 2856 7720 996 8173 185 6218 8484 4033 7658 9793 789 4382 9606 4007 5319 5103 7657 2074 1757 465 6527 7332 9994 1475 459 4588 6174 4234 8236 2615 7763 5368 2685 5667 803 7358 6012 2869 8589 9599 4558 2913 
2311 9270 3233 4442 6134 427 4305 6331 2780 8339 7583 9317 9329 7494 5407 2569 4389 116 2897 2361 4020 3786 8563 9019 4812 6081 2325 6734 2107 7609 2221 1151 3933 6244 6219 3789 4772 5205 8271 1596 8056 6075 1178 71 1506 9849 9075 2282 355 2840 
9515 7551 906 9262 8578 8935 1574 5185 8187 4972 2361 7367 9230 5876 7598 7664 4142 3512 8428 6054 6826 7014 1114 8515 983 164 1318 8964 77 7766 145 9613 3584 9441 7933 1453 3651 9777 2362 7971 2952 8792 1773 3185 2539 8264 3506 5584 9024 1267 
6164 1205 74 7697 2042 1890 957 2514 7124 4112 2630 1796 6390 4571 890 8247 6484 558 5836 175 5008 9137 6883 5594 2943 8224 859 8227 8418 8990 9339 1526 9988 1130 951 3029 880 7665 5974 698 2997 6804 3783 1421 1675 1547 895 1001 8120 8394 
8951 4730 5599 8610 6692 6826 8649 6187 2342 1644 1814 6562 2773 3880 1013 2382 761 8361 2530 8695 7353 2339 4880 7400 8950 4121 5144 1300 9513 9854 1808 9015 714 2314 4015 7711 6611 7359 8000 8555 6900 5901 2502 8370 9000 5811 527 7591 5336 550 
9083 4764 1166 1255 3358 9573 845 4416 9732 8750 4639 2079 5621 2559 8911 4999 8394 7455 1784 8883 5822 2887 45 9884 2008 4184 1371 9917 8921 7168 8876 2421 4721 5352 7165 8076 9191 2002 7778 5562 6632 8514 617 5604 574 9705 1388 4665 661 3018 
3803 6508 3275 55 121 8450 8423 6235 5222 8383 2299 2062 1181 3836 9116 6868 7086 1323 5010 9447 895 9550 5291 4902 8239 5173 2324 9982 4363 3623 8235 2040 4548 2163 7231 8707 6609 727 8089 8148 2337 1281 8639 6539 9347 7859 198 2647 6346 1868 
855 2749 9707 4341 1718 853 3049 3418 1167 5157 4115 5690 7858 786 1275 8432 897 3572 3515 1811 3910 474 6484 6570 7786 3710 1607 1828 5220 2954 5111 5703 1407 522 8254 4935 7408 68 4271 8090 9270 8614 2524 8954 6226 3519 3225 4715 3193 2689 
448 8301 1511 3461 2343 1795 9767 1695 719 6277 4161 4979 7230 9476 1522 4697 1711 2300 418 6573 345 2063 1746 8746 1533 4703 2132 3128 7156 6603 9376 1874 2617 2766 308 1517 2114 2389 2012 9159 3348 1552 3554 2844 2999 6650 5160 511 2552 3372 
1523 7927 8927 7791 8346 7256 1456 8497 9856 4963 2437 3737 414 256 8060 7582 3508 4283 8909 3366 1057 3613 687 5659 8194 365 235 1346 1991 8214 1616 2127 828 7547 1353 8387 695 1928 2668 4631 4701 8538 1493 6414 842 274 4883 21 2576 7254 
592 398 9151 345 9526 3647 3895 2749 7664 4500 5258 2437 2575 5740 3925 1311 6479 2082 7824 1090 1146 6138 228 293 7658 7280 6445 7680 9556 9931 2768 8391 5939 4279 7646 724 2259 2067 7497 435 464 472 3911 53 1934 5660 2965 9261 4074 3926 
6174 847 160 7554 9324 9130 3486 4103 6574 8771 8617 360 4826 8116 8479 2616 2533 3893 6877 3441 6865 2490 1330 438 8774 6780 3491 9303 5589 3901 5888 5157 9592 8918 6887 2151 4830 9811 744 9773 758 3154 1433 5859 6057 2711 8186 9208 9981 2308 
8667 9023 887 439 1101 1765 8081 6116 7719 8357 460 6357 122 3832 3799 5263 3031 9169 1681 7863 7647 2296 3164 8213 8507 9717 2019 6456 4254 1904 3565 8970 8519 1574 2242 5508 907 3103 4701 4869 6850 477 35 5759 6961 3127 4691 5923 8664 4887 
4766 7439 7165 2033 8137 181 2105 3958 9297 5021 5089 9208 5966 5725 152 2590 6331 313 4483 3754 8917 390 8717 4825 7793 7091 7500 4106 35 249 3923 8787 1069 9618 409 0 1893 5833 5626 4878 5498 1008 13 1975 2808 2200 8422 5071 649 7164 
1389 910 5646 8879 2286 6527 8239 567 354 7417 5008 906 7310 4619 7525 712 8779 1261 823 9721 5302 4740 9255 6713 1400 6183 1586 5792 9945 752 2645 5303 6561 4117 4451 8776 8287 4984 1365 565 589 7131 2193 1100 1859 2104 399 2890 1819 4304 
7655 2477 7429 4546 223 1358 1468 2926 4436 5519 2473 2875 1862 897 6919 2502 5066 138 8582 1100 3722 1156 1412 1369 8815 1817 4504 2466 4210 3550 1057 2736 831 5278 3903 6798 9083 8329 1024 1189 6439 5404 1054 7878 7797 7043 4135 5848 9099 8028 
7869 6210 5655 573 1854 1675 9505 2889 9479 8432 1735 7023 5 9750 3428 2611 2220 5505 7538 3473 716 6772 9011 2784 1872 9242 6506 3763 8025 9060 8335 3590 907 8692 7459 1207 3557 6409 768 4690 3847 8700 2309 9026 8623 3658 401 2277 7173 643 
8317 4031 1480 6131 9279 8305 1176 6415 7836 3547 3157 6626 3662 8512 823 8424 1526 682 5680 123 9284 8142 3040 3468 757 7745 3319 3428 6876 2618 1920 3691 2404 9706 700 842 708 8697 5276 348 7124 7507 3315 922 8911 563 811 8487 8506 783 
3831 8648 9140 7476 2553 4441 2926 8291 6950 4844 9853 2524 5222 4867 110 4362 9440 2064 2473 2928 8853 731 3497 1986 8732 2211 9787 2518 6894 6233 1765 7452 2834 1242 761 7469 716 9291 1225 2704 9890 4345 973 6963 368 5889 1700 6023 3516 4382 
87 1580 6652 3218 4340 1952 6086 7575 9401 6002 696 4981 6767 6332 1193 6743 5818 6208 8688 7193 6318 4417 7892 725 7588 8677 7316 9982 3997 7946 2424 6428 4774 5783 9015 3274 3596 4837 1274 7516 5506 414 3905 2325 4465 7220 2165 7416 6784 7861 
5997 8829 4356 2093 9765 7894 3385 3724 5020 802 4850 4778 7644 7490 1325 4441 9120 6795 7930 7770 2177 9355 6030 1234 6577 1823 9603 5150 2684 6804 9074 8836 9467 845 8052 8556 9691 2117 2229 7008 3566 4581 3130 8096 4337 1976 5780 9768 205 1180 
