100 100
3079 1463 1762 3500 3500 3500 1954 546 2192 3276 257 2600 720 244 528 3210 2524 1709 2064 1903 1451 2683 1923 1673 2023 1335 274 341 2793 2914 3244 1634 139 767 2125 1464 2295 744 2009 248 685 2265 2848 500 1604 2471 2806 3223 845 1535 1792 2295 3313 380 3064 1097 810 2433 1438 2698 1108 443 93 1246 1209 2217 2709 2599 2960 480 2846 2741 1840 1455 2336 2540 3022 1807 2428 532 8 885 1923 2416 360 748 179 1169 3180 1616 533 953 2058 3055 1295 2362 1938 3099 722 659 
244 2663 2495 1180 784 1497 385 2901 3303 2812 2528 2406 2793 1116 1488 3152 959 762 83 3234 2377 3045 853 196 2765 1243 1653 464 1007 2374 1123 347 798 2713 1526 677 875 1910 243 3274 483 2771 1441 3275 2982 2024 2189 3037 2785 2271 2936 923 1981 454 1118 507 792 1866 971 1799 1 1189 2145 799 567 2766 1475 538 437 814 477 919 2680 1013 860 1423 3037 3048 1125 1583 1080 727 2506 3060 1180 289 2662 1068 1251 298 2866 1251 1486 772 1145 2053 2633 2620 2590 3069 
2529 2162 653 1874 2270 608 3296 1068 2751 1087 2651 496 1813 1822 2651 2088 1206 1979 3155 2456 1372 1782 2803 1954 1649 613 3102 947 2328 1453 3111 1522 280 430 2491 1645 133 1549 2713 1980 2635 2029 2475 209 2946 888 1392 817 1962 309 2369 3333 1186 1837 1048 2835 2449 815 2877 1443 2267 2654 2060 1642 2179 1217 3287 2311 2765 2665 956 1161 455 2527 465 66 2510 1856 882 1137 1260 2346 231 2446 848 1279 1042 3297 2093 584 501 1026 2333 2560 2667 1177 442 1715 2584 3206 
141 205 128 595 1827 592 660 1002 2448 638 1234 373 2983 1465 1914 2927 1839 2955 2889 597 2635 2485 718 1633 1710 2481 1906 2152 861 1155 1119 98 455 1247 692 2282 1838 448 2379 47 181 279 2850 2259 839 525 1851 2677 146 501 2369 1876 2985 3087 2604 1361 1329 1175 2608 1285 2329 392 1382 2784 734 1170 827 1668 1617 2301 1714 1797 2579 325 3151 2513 850 1668 1855 91 1264 3320 1062 915 2168 331 1371 162 1506 644 542 2930 131 1924 2379 3295 3093 2301 1628 471 
1268 2437 1363 2942 2762 1179 2121 2707 2846 3071 1893 3206 2152 2954 3216 985 3284 1252 242 551 991 784 147 217 1803 1621 177 657 3018 900 1127 951 3 2489 2988 1860 2763 870 328 2275 607 2220 1242 2758 1839 1123 2839 884 2374 3080 1435 2460 529 1581 2676 1427 2297 1949 2083 1980 2848 2305 2930 1946 1459 1680 2901 888 2549 3228 2258 2251 1209 165 771 3047 1287 275 597 2756 20 2031 977 2979 2707 318 1071 1669 1362 2250 315 876 1220 2340 1917 1775 685 580 2662 3234 
473 681 1246 1682 3275 2016 490 323 2290 182 2174 1406 2212 3150 146 680 2563 312 2349 591 2561 1759 562 2877 3194 2478 1317 2975 3057 3074 1970 2626 420 3215 69 2790 1897 2988 3112 3282 3170 1047 1353 1143 862 594 1823 90 906 3267 680 2562 787 1241 2104 646 2815 86 286 1633 3159 2255 20 2674 2136 88 2129 3128 2172 1002 3075 2007 2048 190 3149 2005 783 1637 2095 784 665 1870 12 1451 3111 1211 2097 1687 393 1478 3319 217 399 2435 1987 1630 1618 3211 1423 455 
3309 1163 2461 2022 448 1372 693 327 3008 1883 1110 339 418 217 885 2624 524 2981 976 916 1125 57 228 619 1587 2214 2248 3204 2091 336 325 2065 594 1881 3182 138 3252 2970 464 2022 614 1573 1456 1032 886 2340 2751 1409 1987 393 2324 2207 2879 2551 2825 1131 527 1738 1000 2617 1169 420 443 858 2301 2720 995 1314 1452 1458 1 2065 2127 1456 2192 3012 462 1609 182 1544 1097 2505 416 641 817 3240 867 1343 739 962 3055 1907 478 2593 1860 2778 1075 2855 757 2526 
978 3188 1256 2200 1309 114 1877 866 1722 1154 2409 1914 2754 1920 1650 237 1825 2516 675 1659 2573 2826 2661 3050 2084 1187 1589 2254 707 1442 1445 780 1295 1797 2980 1699 1910 618 2565 2727 1772 735 1306 1191 2655 2955 523 241 1232 294 1900 470 3119 1226 2616 964 1508 870 3218 1310 1407 1328 2090 1797 3124 831 162 795 544 1822 2617 1411 2556 588 2602 1876 2638 2220 2117 535 2513 3112 101 2297 1003 1812 2357 1607 1777 2240 2916 3184 2663 767 1646 1549 693 903 2343 1237 
2724 1626 2647 1042 1309 1010 2013 3043 3230 3225 243 2408 3002 2773 467 3101 1250 2823 1373 3027 1728 954 1972 152 817 283 1700 1509 282 3139 2745 2101 526 1154 3142 930 2163 917 638 2058 807 3311 228 475 2749 694 2671 3095 182 709 2787 1005 758 1424 1156 1574 802 1952 2179 179 1756 1589 2280 1377 2742 1183 2306 667 2099 2944 2724 2002 2920 2951 2476 1430 2740 1812 1190 2921 1616 3072 3021 2373 257 3273 3043 1059 986 1887 333 1837 2571 2612 3213 1075 2891 2184 1741 1655 
889 226 2752 2904 2273 1893 1000 1678 2800 1285 361 1081 1023 47 2550 1279 2415 1354 1433 66 2336 1766 1902 1572 139 876 1742 3029 3060 148 446 3044 2804 3197 2614 1742 852 279 85 317 1563 445 494 1681 2922 2139 2960 1098 158 154 1164 2493 1919 2161 3160 1154 3037 1568 848 1858 811 389 1567 280 2682 846 2021 199 220 2106 2945 879 1646 104 2559 329 1338 1280 1427 1495 1434 1686 3083 2448 512 2909 2697 2644 1142 211 1167 1952 3029 1830 1328 2376 1771 14 1670 1991 
1215 1281 2869 1957 480 1189 2285 1818 1565 377 2408 2094 1158 2157 1207 1670 1731 570 75 1968 3210 1242 3015 2000 2167 1008 1042 603 118 1807 2593 428 3087 1223 2384 2663 1508 1335 1146 3072 807 219 1831 1965 1471 2133 2730 3201 1798 2804 930 769 3141 611 2769 1069 714 2906 1672 831 1378 26 1259 1131 1249 308 459 1852 738 700 685 641 14 2515 1701 1485 409 1096 447 2207 2995 1377 2975 1898 1083 2409 2062 1796 1980 399 1723 24 425 2981 250 769 2384 3138 2620 2218 
503 3304 2858 516 1580 1224 1096 1988 1415 639 860 171 2015 2931 1164 2193 2005 3226 654 3081 2720 1472 2200 3144 1118 1545 3008 2598 1348 2293 1481 1850 1358 100 1461 2033 1323 1653 3117 1833 2291 642 1099 67 2668 2263 2259 1339 1250 2008 181 635 146 2380 2875 359 590 2548 2956 1937 603 198 2882 1056 297 104 3089 715 852 2871 2547 2238 2608 2742 2304 1942 1670 324 2376 2015 1428 2556 2649 669 697 1285 123 1286 499 3079 2318 1101 2372 961 2156 2669 160 1006 49 1012 
542 1692 2345 2246 1099 411 853 1864 734 2324 2974 1257 1545 1384 1021 2241 2669 1144 2622 3167 3318 1605 29 2355 1661 2184 1689 1820 3190 834 1927 2827 1621 938 834 1815 444 1686 2774 1177 675 2413 1530 1315 462 2550 2651 3130 359 1938 2058 342 2638 2086 2697 964 32 147 1880 2317 76 2902 1809 792 2935 2643 2606 44 90 2045 1221 3195 1123 1846 271 681 1061 2922 476 516 1525 1630 857 829 381 2649 1792 412 1892 2767 2728 1063 2335 299 1855 1935 2037 222 1979 1222 
1363 2295 1082 1581 806 449 2261 962 36 1833 1477 1560 128 1430 1484 2938 3174 2372 16 827 1804 1839 1890 804 2137 2840 2739 3269 2157 479 1157 185 2773 1334 1766 244 1782 3122 301 1817 1620 1778 2473 843 2303 622 447 1238 2993 462 2065 1463 1396 3050 1362 2629 1651 3196 2563 473 340 2815 3088 3112 815 615 2451 1692 402 1848 175 1118 2721 1743 1960 1689 2364 2406 2926 2023 2867 752 2581 25 467 608 2653 2117 2900 1881 1686 3239 1362 1439 2113 1272 1149 325 2963 1550 
2172 2233 2667 1558 641 1293 3246 3005 364 1934 789 2327 2685 2465 2351 3152 3072 765 1030 2637 2645 2715 1638 3102 3249 416 135 159 740 3098 1709 2912 1996 137 1135 1733 525 143 1403 3319 2076 1287 1407 1426 417 2853 339 2584 283 465 983 2023 2275 2620 1791 1286 3035 1925 1444 2870 2248 1543 1876 2385 2678 274 2005 1916 1676 1989 657 2491 1178 2474 2009 613 1723 2291 1077 2705 980 17 1086 1866 1302 3216 2886 2746 2752 336 1659 960 1307 3139 2733 1580 906 1314 2351 1990 
1066 1074 1147 2244 213 3155 2856 1031 1208 3028 402 1283 3044 1487 2244 108 1369 1795 2853 3216 1226 273 841 2532 2508 2670 777 79 649 3127 2068 1715 866 2310 3054 174 1227 1671 1205 2434 1364 702 2812 169 1284 1721 276 2652 181 3128 1629 503 2497 1566 3034 766 901 2907 844 1549 2699 2007 3263 2661 79 2078 2834 1305 414 3134 2834 1777 501 2311 1946 1785 3127 2221 198 3307 1111 923 2905 2703 2488 2605 134 54 2177 73 1602 637 2079 627 2393 1253 2704 989 2557 3118 
788 2056 656 385 128 2601 2169 3254 584 1462 2323 1694 2384 1893 158 1537 259 291 686 1531 363 2288 2168 1537 2010 1226 2790 475 2214 1108 2688 2098 2260 10 2482 2387 1706 412 1403 2289 1873 2821 3078 19 475 3235 1555 734 2621 2241 2264 2983 290 193 282 1395 515 3071 1869 2728 3274 319 587 2199 328 3068 348 2033 145 1750 84 1114 332 3161 1132 806 2158 1782 1539 1444 3118 2899 189 2503 3091 470 2993 271 2636 1528 2095 2575 1846 2681 536 1269 1511 883 2397 751 
1728 2480 1864 2059 1403 2091 2864 2656 2969 165 3195 1848 3063 49 1017 1915 2948 675 1282 1345 1298 2472 3016 2239 914 173 2424 1099 2570 3175 2826 811 800 1550 1309 1987 175 630 1621 339 491 134 2497 2969 246 1078 2583 921 1455 3023 1314 592 2704 219 1505 2016 2821 595 2210 1152 2865 797 1963 2760 1442 2367 1412 1617 2997 2128 1955 2583 1358 214 2217 1603 1291 561 1619 1841 250 2933 2432 2049 2247 602 3161 1733 292 2036 1981 2252 2833 3039 1678 940 2071 2185 2556 829 
979 273 77 2336 2916 2294 3034 3302 1950 1319 1808 1295 917 905 2440 2259 602 2266 3087 894 967 1733 2241 2895 1437 584 174 1865 2152 1002 2843 1520 175 940 197 2468 639 164 179 1053 1971 1474 1065 1971 579 3323 2573 2844 3076 2562 2906 1474 1468 2467 2007 1148 2063 1276 3012 3310 1373 1616 592 1547 1651 788 680 2289 952 3289 8 2018 1428 1072 655 2006 157 2323 611 3232 1550 467 2113 1744 2473 3260 2902 2844 2937 1974 883 314 2565 2429 1964 2448 2205 15 2495 2159 
2452 1179 252 2619 929 1353 2775 3251 1963 1768 562 1240 2235 2674 2984 469 1696 1647 3313 394 286 861 708 2850 2385 2671 1060 1255 1781 220 79 898 494 2760 183 1422 778 2957 434 2740 1391 995 3076 2721 2765 1821 2285 1126 133 1359 1519 419 1315 1322 2364 366 3089 89 716 1535 2739 795 2433 3232 220 2615 1320 94 1333 1753 1929 1819 1844 1205 370 156 2586 1495 289 610 2109 3137 1021 97 2166 482 3185 1351 1197 1385 3185 1991 2913 3082 1307 2193 163 496 192 1012 
2424 1106 2855 760 2311 3224 915 658 480 1203 363 2588 1005 1383 1780 2267 1864 726 2713 2157 1207 2563 813 785 2310 1215 2978 2473 1710 2265 2580 800 36 2100 655 1442 1085 1569 1195 660 1868 1558 3247 2872 2036 789 900 2996 1514 278 1818 2720 1936 1726 171 8 2037 2244 1576 2842 270 821 307 2735 2016 961 3273 2196 1626 1133 2855 159 1786 1863 2126 488 3026 2579 831 2399 1062 2646 97 1883 2816 104 585 821 1679 93 1090 2499 2829 2921 276 2886 2859 2471 1177 657 
1991 1335 2443 519 126 2026 3170 2247 366 3096 408 1427 2407 504 2405 985 607 2086 901 1381 2178 545 768 1577 3250 319 197 2386 591 853 1925 2391 656 1147 178 2921 2489 543 2682 2896 1065 851 2495 2566 931 3101 1317 1831 1147 160 2917 787 23 255 702 342 451 2183 932 400 3224 1953 1886 546 2195 1160 2562 445 1702 1006 7 1863 1856 2501 1094 1882 1364 2410 2808 1606 1665 2391 1489 1687 1741 1286 1124 1288 135 1152 1687 2454 3104 2668 2999 1060 493 1323 1504 1291 
2328 606 3153 849 3107 1826 232 2417 1299 1837 747 2785 2421 1529 1192 373 2653 2479 507 470 3261 2960 2669 1690 1721 394 2183 3043 993 2569 2036 1599 2387 1490 2901 3128 572 865 726 414 316 3147 1038 603 185 356 2177 691 3255 2103 2746 2589 2888 228 2078 832 3270 2167 66 1067 431 1548 2142 3327 1708 3120 2704 2573 511 3117 1984 323 821 1682 2937 272 524 2723 193 1722 2135 1877 1275 2362 3051 2107 1394 1883 1268 1556 2313 2816 364 1401 2518 2071 282 1888 405 792 
766 1484 211 682 3165 3147 954 2784 2536 242 267 432 2118 1542 1889 1834 2744 2378 382 677 600 1790 158 963 2286 1772 2129 2567 2755 1630 25 186 3113 2665 868 2040 2477 917 585 774 1158 852 301 3275 1489 2190 871 898 1233 348 670 928 2138 3258 986 185 791 3115 2752 211 506 1872 396 2714 1202 359 1419 2774 1275 1100 214 1528 1951 514 565 105 1799 1435 98 2128 878 767 2151 2111 3120 3137 2296 576 2013 1713 786 2518 250 278 1897 1451 3066 2412 890 103 
177 199 1223 3143 1290 1327 1607 1820 1424 2830 2698 1647 1474 1072 1449 435 743 2557 1243 625 1740 1492 902 2732 2038 3063 905 2024 3165 177 2222 557 1399 1126 1846 2725 2733 2762 3244 1324 2125 292 2066 2694 459 180 3129 1201 1832 133 1825 2667 1625 1822 2758 647 1447 477 2242 129 306 556 1071 2127 498 1132 374 2622 1423 2439 1981 1881 1715 871 2178 212 1004 3098 1975 1724 1586 705 2232 1865 1690 1804 772 1120 1933 174 1675 3003 1396 3155 166 2527 2624 3046 1728 529 
1592 2538 496 2865 1499 2629 486 3222 3310 286 130 2207 2150 1819 3106 2018 2034 800 1287 2805 2898 2682 2625 3063 970 1914 707 681 2737 332 1369 1037 827 899 2882 2325 193 2463 1308 168 2748 533 1470 659 2352 338 1772 147 1137 3058 2951 701 1501 2859 2471 3250 232 2247 2653 563 281 2785 485 1180 2332 1905 468 556 3212 3066 2399 2840 1201 3057 953 1538 591 1100 1771 314 716 911 2053 1995 47 1968 1322 1389 382 980 3166 1464 1945 1259 2464 1508 1814 1437 1239 3308 
943 1536 2127 1895 2169 2717 2994 605 2126 376 3075 3036 1524 832 2178 157 1249 233 2969 2229 1902 2800 2788 2942 1918 1115 730 20 1450 704 58 2985 2830 1953 1819 1308 1612 2424 99 1083 1260 3135 2606 1187 1978 1859 2436 1306 1493 426 3207 54 3213 1910 3208 892 2121 3034 236 2833 65 2316 2328 2017 2731 2725 2319 2829 473 2675 1725 2175 527 369 699 2962 1674 2191 53 643 1340 2362 1648 1214 3253 434 9 2356 3099 2841 2421 2080 930 199 1976 326 2923 56 3154 2492 
2730 1545 1332 3257 1009 1126 1778 2412 1129 1516 417 156 3164 726 2504 2693 1526 1554 240 3042 2729 265 3240 1370 590 1925 522 410 178 2347 1050 605 2269 1730 11 2931 807 1139 1113 319 390 38 1045 2893 2730 874 180 949 210 3221 344 474 2223 809 1064 813 1330 569 990 343 714 1594 1707 1867 2419 813 1463 2321 1951 1671 2639 2340 1708 2779 995 1104 2749 1174 1148 2958 157 587 2527 2379 256 2287 1821 3254 2372 1259 633 3061 2062 2499 2145 1970 3058 227 587 1394 
1961 2022 3102 1406 2112 3301 3250 2382 1114 2873 2538 1701 1582 2192 1417 2964 3108 1336 2001 1033 1065 1727 2190 229 2967 825 3286 3193 507 442 1625 209 2320 2832 2235 1879 384 869 1082 2030 1759 37 112 484 3145 543 2484 3273 1607 876 1224 932 508 1144 3313 2796 1651 420 1281 2371 628 2696 1868 3232 1597 2843 1561 590 1461 256 1445 594 2797 1928 2834 6 1868 708 1049 2187 1639 653 3330 1618 2544 742 1133 2920 857 2282 742 754 2974 131 1200 3269 688 1456 1281 918 
2403 3210 19 2576 1743 727 595 2365 2468 3020 3078 1678 428 877 1263 205 2640 42 1582 2279 2721 1713 145 2656 1496 696 3130 1872 709 1294 1747 728 2965 2585 550 1447 3179 2010 3010 2864 1754 449 2387 1726 1712 1688 2554 113 1729 801 2392 1116 1609 1632 2867 2200 2327 2662 737 2131 3052 2483 1954 1778 2503 3224 673 1179 2900 2633 2028 14 1685 419 38 2068 934 863 1964 2421 1978 718 606 1534 3044 3267 2271 936 2080 515 2890 524 1344 2843 2332 2408 410 1025 1518 1191 
539 1434 324 2606 2367 1186 1236 1453 570 1266 2864 1199 975 135 1007 638 3080 562 257 1089 3100 713 1269 1706 833 1882 2896 1372 3316 3219 3073 2348 1071 70 2897 3329 3069 828 1955 934 899 513 164 1905 246 2339 1562 503 93 3276 2698 2293 3084 632 664 3013 2514 2655 1050 2539 3218 604 2705 2596 1796 2118 2520 416 2147 84 24 1407 1084 269 411 1741 771 504 778 134 1892 528 3196 206 1471 67 351 3061 2605 2664 2760 1072 1713 2867 2927 1207 2378 1739 386 2401 
565 2652 1401 2536 2251 1765 3238 1801 1626 650 1102 716 548 1918 2416 3212 1344 2583 686 2461 2115 278 333 254 1113 3148 2654 19 2808 1085 1766 874 2716 682 2147 1146 3015 614 330 725 141 2263 2643 2557 1236 652 1805 1921 3016 2540 2365 2407 1449 781 1521 18 1865 2383 3321 1246 3064 2133 2391 1841 1842 2170 223 745 1581 53 629 1912 3134 1529 2928 306 888 308 2671 2390 117 3007 869 1077 2055 855 2322 880 2083 474 494 652 3243 334 585 2816 2496 2615 2406 1185 
383 2712 2073 690 1144 224 637 1260 3230 1505 1046 1455 419 1926 2633 3322 407 3223 2911 1058 2227 3244 2211 2811 2725 3088 1068 1101 2160 2253 579 633 87 364 1776 2740 1000 2131 1732 2504 2777 3054 646 464 2353 871 1337 2640 1024 230 1645 2331 2136 132 2084 3204 328 909 1218 907 637 400 1270 2412 3139 2270 304 1536 535 531 75 2685 272 538 1703 1 1408 2135 1736 1528 2364 2476 262 2607 2607 131 2935 2612 444 2937 3248 872 1422 3077 3141 1725 375 2772 2256 449 
2122 986 2920 1623 1490 1720 24 3017 3180 2500 206 107 868 2812 2898 2089 2206 2500 2144 38 2520 1886 2274 6 1356 1357 1804 2928 2980 1886 1609 1268 41 3329 388 3057 2270 2887 3262 2376 2850 1835 804 2414 3020 3009 1818 3142 2399 369 2082 2404 1984 427 2624 1578 2502 1175 2282 435 1215 822 33 307 2804 2390 2320 891 2581 495 3006 2255 1169 738 977 1949 203 2154 114 1023 803 540 2742 1476 2137 583 2854 2572 893 891 2489 22 1198 1959 2411 2975 40 2397 1318 2964 
2068 238 798 1618 72 870 232 274 2119 346 392 2018 3315 3133 2589 2118 2811 2108 451 2800 2999 2939 2821 3292 1563 993 2028 698 2486 11 327 1219 249 221 1933 2750 186 2119 2305 1605 2510 84 682 1404 2672 1895 3311 542 2345 2776 2636 1045 1358 2593 1704 2350 2401 1501 393 2728 1816 2044 414 56 2229 769 2174 1199 2374 445 378 2151 944 3050 3141 920 2151 2791 1988 3195 814 1564 2260 1627 3061 2856 2019 1337 1755 259 846 906 2487 1615 2175 2782 3084 2619 3159 996 
2659 1970 802 1322 2048 3035 3309 1908 2944 316 2568 1869 1943 1390 1391 2939 1823 1478 2293 1765 1479 1445 2475 320 3322 2224 2034 2243 2315 878 3116 1602 1296 1829 398 1270 2832 7 1586 1161 972 2550 1458 2346 2154 3280 2919 1112 806 1064 1653 3280 1383 736 1265 82 2978 245 1440 2952 26 2137 913 950 1278 2878 1636 1959 704 1703 1248 2350 3160 2690 265 3106 2274 577 2433 2125 523 481 1956 883 2993 696 1128 194 313 249 2330 321 295 3055 694 3172 1356 541 3059 2996 
2890 2884 1447 2251 1751 2817 2723 1424 1915 609 2396 2564 1924 1150 3259 3051 1343 2396 2768 2083 2690 2488 1873 2939 287 2163 1759 3282 815 405 491 3065 2155 3307 2453 2674 1887 381 44 1386 2305 1193 407 1117 1631 3073 178 1064 918 1963 2647 2790 1155 2252 3076 3318 676 2119 3228 1080 2609 2958 2331 1677 2076 766 2660 898 2703 2283 2547 2992 2689 2759 1288 1524 2033 1448 2441 661 760 992 1816 3011 733 895 2783 1947 788 528 318 411 1994 1582 1319 1575 2962 3118 2953 1270 
2775 1404 694 3158 2927 2726 1271 1129 2483 2031 2120 964 1707 1948 954 1155 2990 837 779 3307 1247 1828 1063 1924 309 1477 2594 3270 2212 301 3130 281 2954 2303 3320 97 1060 1312 1119 2819 2355 2072 3069 2011 2908 2943 1079 1437 2141 935 841 2714 194 3207 639 1502 173 2865 263 1580 3181 2175 1565 3277 3234 2677 351 1019 2161 1801 3090 991 2907 1760 600 652 771 1132 1888 1706 1972 1267 940 2496 1113 532 40 1375 2111 3220 2645 341 2258 2545 3017 1704 229 939 171 2414 
1930 3077 839 1625 2824 706 2756 1378 2411 489 1740 71 1429 2741 1663 1637 2368 1702 3011 683 1418 581 2940 628 2693 1310 3286 576 2365 1323 318 2300 2947 3142 3005 1464 281 1952 2020 1247 2476 523 778 2890 372 2885 1054 968 2806 3090 1595 2164 161 642 1557 736 3006 1975 1053 1067 683 3290 3167 2146 2666 1009 3194 1352 1352 1431 970 22 2209 2955 2824 2750 2973 2221 2512 2888 3153 799 2719 1920 2774 438 2987 122 2823 2819 1364 2155 2924 2602 941 1749 58 623 2287 2881 
1477 1703 2520 3298 3019 1913 1571 3165 563 1389 630 3281 3309 2499 2814 2057 1399 3079 2649 226 63 1916 262 908 344 320 1530 2630 3200 2103 998 1481 1162 3113 60 2733 2943 3052 3217 2668 2094 2287 1832 670 1009 742 3292 1382 967 2451 2393 2736 644 649 2031 1847 1086 3009 1903 241 1503 607 3292 1385 338 1816 442 1985 549 1183 1943 1026 155 2514 1570 1915 3256 3042 913 1769 928 1094 1443 2830 1334 2041 102 387 91 2472 1534 2858 910 15 3300 2894 2994 598 3115 1489 
752 2154 25 3305 2558 3281 3012 2567 605 326 2253 2530 1660 959 1142 1049 865 2675 573 1774 1786 2968 430 541 3211 1027 321 875 1711 1711 899 1682 935 1359 167 1655 492 573 255 1531 1982 2389 1676 2847 825 1344 382 73 811 2246 3283 934 1663 2840 904 2469 1217 816 839 1271 1413 2493 2330 2162 1680 2788 397 1129 317 1568 1747 1640 2558 30 2587 1692 190 2586 502 149 738 1748 987 2008 3160 2576 99 826 1779 2168 856 1202 1660 1081 2567 1976 2648 979 664 202 
1884 1481 923 1135 2307 521 380 3045 2268 1366 814 2094 913 2015 1105 1787 3278 1057 2988 1603 2220 1450 3198 908 1499 2496 697 2232 141 2177 372 246 2771 751 2386 1704 1212 3199 2893 915 3207 669 1115 1659 612 2171 408 1310 973 1723 1554 1519 683 1557 2113 2274 1349 107 2414 191 2357 436 889 2631 1688 509 519 750 1011 1633 1505 1623 1912 2028 538 2731 247 1152 3265 2352 2467 527 1534 1969 1473 552 1308 1429 168 1826 2555 348 1897 2120 1356 1753 752 3267 2905 830 
3261 1931 2277 2174 1063 2803 373 1647 2215 2676 1084 2040 649 2512 1304 1571 452 1578 791 799 140 2006 1250 3159 424 2001 2187 3328 1926 2114 1020 868 49 2082 2767 2851 2824 953 1133 394 3239 1964 3191 1482 1850 3086 717 521 1001 541 944 2098 34 689 1053 653 651 2231 85 167 1720 488 215 233 1347 1121 626 753 1025 1685 3039 2506 2630 3222 3150 2887 2858 3189 746 2318 530 2853 2467 2599 1363 362 3280 2980 459 2608 88 1579 3233 3270 2603 679 3308 1526 757 2219 
919 1627 1449 242 1726 1936 2173 1184 1367 1016 225 108 571 2832 195 2149 1826 514 2504 2201 479 1573 392 332 2887 566 3042 721 580 1334 3303 1124 671 1683 2607 2951 3129 633 2449 3176 1203 1946 2466 2447 2056 558 2535 950 2866 2256 611 2976 1190 3002 2041 2314 2769 2819 925 1137 2436 3149 2164 2263 2462 3304 2273 1574 2836 631 2726 1188 1022 2 1233 553 2257 1843 2221 994 2129 984 204 418 1615 224 1554 1520 2879 2300 1327 2006 2269 266 2675 866 3326 1162 1498 2183 
1499 1831 2851 2446 717 510 1240 797 2640 539 1214 920 762 731 2705 2194 1376 472 224 737 2242 1089 728 70 2586 1348 3180 2509 3179 2696 2991 3206 1956 453 763 1622 3256 2626 1448 3151 1770 818 1106 1289 1330 2977 2626 1514 370 2695 709 2976 2983 2403 1262 2639 2314 2188 2976 2950 1263 491 1337 2710 2737 2202 2623 509 1109 3007 1838 751 2298 2447 755 3212 684 559 2919 207 1941 22 2996 2093 231 1935 2451 3151 3271 2554 2139 210 3062 2343 661 3093 2179 3107 2933 2081 
658 2587 761 2793 1843 761 960 2852 385 3052 3082 2320 2898 1352 3089 1213 3298 36 1594 3179 696 1119 2899 423 3148 741 2400 597 255 955 2439 111 1450 64 2962 1834 2211 1805 3249 1044 1368 1267 798 2581 518 3191 1712 1208 2131 1656 2345 1174 2158 904 1350 320 1500 700 1274 3240 2723 2193 1069 433 233 1208 1801 143 208 957 1854 1415 23 3070 2097 186 910 17 1355 336 1684 1151 479 1056 3019 410 405 117 1612 1013 2712 251 540 2764 2105 1050 2516 1223 375 505 
791 689 1241 3156 1469 526 1947 2543 618 380 2227 123 1439 1492 2452 2622 3299 2702 2257 2729 568 1006 887 3188 476 1391 3074 3296 1175 980 2213 2643 2738 352 21 731 2997 2574 610 197 1530 1197 2648 1162 1112 2170 556 1679 2142 1661 1091 2147 830 190 3322 905 2403 902 1173 3237 1903 1995 2592 787 2805 601 699 632 1712 2868 283 2487 3243 1861 264 2056 1786 453 1139 1787 1951 1960 919 3133 3252 2871 797 1008 2128 2405 2010 2896 2708 1603 369 2242 1921 1860 635 2184 
3011 2420 1732 872 349 1870 887 3201 1668 804 2737 2465 1811 626 631 772 2635 2506 2763 2008 775 3131 11 1756 844 2772 2703 2753 1475 1838 1385 2710 2796 3254 262 1758 684 161 1160 1067 881 2874 1142 362 1916 2589 2767 98 2204 1896 2831 490 516 3140 1495 435 2497 3252 214 2657 2457 389 1054 1997 1235 3138 780 1615 34 2909 247 1546 1122 2035 253 733 768 911 299 73 1241 512 1825 510 1563 727 2507 173 2870 2541 2212 1767 927 423 2889 1553 1182 1381 3005 2092 
3303 1261 3040 2910 2181 215 1640 156 873 1462 1862 183 152 1130 1788 1025 543 2204 2501 2095 1107 2778 142 631 1941 3175 1891 52 152 3323 924 1613 968 892 609 2002 2079 730 1317 2074 1272 187 1240 33 389 2604 261 1313 306 2531 2300 1047 1098 289 2121 1117 998 3088 1889 3302 1593 1969 2944 2322 3286 779 260 2568 2722 2956 2700 1087 2312 3109 488 2074 1645 872 1727 1934 2992 1939 2931 1842 1485 1809 659 3077 2874 2699 1161 2825 143 1257 2333 775 622 85 2182 2826 
3002 355 1565 297 1095 1532 2124 1190 1720 3031 2851 601 2605 1139 140 1969 2299 2060 783 2464 908 2181 88 1673 2284 2333 51 2475 531 1264 816 3321 2984 2942 1933 1045 208 1204 2778 2268 243 1503 2571 1382 1700 3059 2034 2977 3146 630 1315 1996 2009 2743 2046 1149 2310 2413 3184 2297 1158 2791 895 2202 2098 1538 2136 2541 183 2265 1313 3136 1173 1038 1116 3168 3046 2954 976 3291 1989 3285 2369 192 391 2485 1001 1635 1128 2024 1919 2922 326 1198 3081 2590 2510 2882 213 3093 
2692 2354 2712 333 1366 3204 260 529 1216 1840 719 1753 635 2637 1340 960 2930 2646 2105 2169 1413 622 433 2198 50 230 2763 3182 2529 150 2908 1884 678 789 1302 2735 203 3054 2465 2839 155 2521 1531 1832 64 3096 810 2814 1242 844 1959 169 483 2697 632 1596 1480 730 1707 3310 932 522 1537 2866 677 723 1062 108 1650 2602 3320 1605 2090 1041 1349 1354 1523 37 1251 728 1057 1655 1303 882 2457 1279 1813 2979 2815 441 2751 598 948 1056 1221 1454 1419 2468 536 3023 
1576 1038 1673 3098 170 1484 1014 897 2541 1765 887 997 531 1149 533 2377 2877 1130 1901 490 2186 2217 1040 2700 1350 1575 2389 765 3150 92 2437 2691 3016 3023 2683 1318 549 643 1406 1435 2312 1498 2030 2099 2255 1100 1684 202 3317 2902 428 963 1956 1192 3208 1143 2724 499 667 2277 2919 890 992 1483 2806 2910 1408 3091 1730 2480 1297 2538 762 3084 722 2026 1747 1936 707 346 1698 3215 3152 1007 1823 2171 1346 412 2805 2949 1993 2026 1070 1850 2081 819 2802 2845 499 3233 
3092 2017 1483 1096 1261 3172 3266 2769 1183 343 2388 2248 463 1079 3317 2312 2256 802 2186 819 312 472 2958 354 2818 967 2227 2149 2772 757 3332 2211 2091 897 1264 1005 1359 2342 83 337 884 291 2089 687 3248 2578 136 547 2061 2676 2291 3027 2701 1016 1371 2139 111 2959 1361 1374 3059 1815 2811 3170 691 109 77 3225 3325 861 26 2967 2701 1923 1019 1290 1821 1485 2524 2689 1949 1730 1409 2405 3103 885 2579 35 2132 1510 1661 3279 604 3222 3235 1950 1918 1521 1820 2539 
2736 3120 2542 1186 1734 937 2594 705 2822 3284 1953 2011 1459 1773 2768 2173 1808 1872 1708 1597 1698 2722 3117 2236 1418 3158 3038 1203 1462 890 2936 2398 149 1931 2199 2067 1810 2148 487 2702 2457 2350 636 3223 823 2508 2971 2530 770 1013 2982 2666 1585 1019 2267 3046 1004 1206 2894 70 2314 1370 2998 952 1217 3301 1316 201 3219 2784 2523 2431 2933 162 2709 617 2428 2420 58 291 2047 3277 82 768 2941 129 1448 3253 2525 1859 119 2409 1443 892 3107 1967 1341 2418 2857 3133 
826 2243 2872 1699 705 2050 2466 2741 3009 1755 1369 1533 969 2873 2071 2449 123 2388 2325 2046 1021 1290 1457 75 2103 2883 2318 1961 1761 1136 1339 263 1014 2017 2873 1642 2081 379 1195 2534 2436 249 621 365 1412 629 2686 992 2235 2636 417 2182 648 2616 3056 1532 2595 1033 1672 569 3301 2038 1377 277 1094 1475 452 1280 2780 1452 2198 723 1610 2845 5 2029 1663 2729 227 2857 2934 1690 29 168 1656 1163 80 1339 2539 2786 2432 305 3075 3003 756 1020 497 284 2438 288 
2670 3017 1992 1635 687 760 855 1922 1228 222 386 526 126 3328 377 241 3136 2507 2516 580 706 2803 567 1350 1688 2918 1638 2807 1658 2572 3131 1879 2053 122 1500 1274 2545 610 2548 2982 2842 2486 3065 1955 2075 1617 2172 2966 2049 2956 1785 1117 2926 9 1082 1644 130 2013 1770 218 1719 3199 2565 1114 2344 2164 132 446 1763 2303 2507 2907 453 2279 1030 560 1870 737 2610 264 3317 1288 201 3006 3327 2868 275 1828 2438 1028 1055 2884 2454 1459 139 1911 2417 1567 3131 2490 
285 678 588 3172 121 112 803 1044 1646 1830 2099 381 1218 935 76 2846 2869 1265 487 1572 3144 2049 2726 2228 184 2564 1599 2734 1771 1497 444 82 3326 1638 372 2802 1814 403 3306 985 2344 2250 2517 2422 2407 3184 2231 1719 1316 386 640 2949 3329 1386 2868 563 1917 1171 3121 1844 1787 3092 2828 796 1694 3211 3245 1353 2108 2347 2950 1731 1589 180 354 2487 2097 1524 87 406 1930 164 519 1824 454 897 829 2794 2249 2032 1262 1321 3090 998 1198 2968 3122 1861 2418 623 
3199 109 2481 893 2702 2716 2548 2708 719 2114 3111 2326 1458 1055 1815 2415 138 2133 3175 1305 3283 2881 1986 2650 1642 855 1404 2862 2985 1871 816 651 90 1556 2857 2415 981 1160 2491 106 1289 2543 506 1478 1587 53 130 3332 1694 1644 1657 268 702 194 268 2079 366 1912 1679 376 1784 2413 2014 2290 266 1438 3115 2693 2946 536 520 1269 3233 317 558 77 1401 344 2917 862 400 699 1781 2427 170 230 1157 937 904 1944 406 2945 1576 21 879 337 532 647 1932 990 
3188 1890 3289 2905 1735 477 3074 1061 1078 2234 2564 2528 2173 2148 2123 2679 1985 2394 1277 2070 2262 2201 312 512 602 3218 758 961 2290 2929 1222 996 1441 3143 1078 2659 2158 1718 2859 894 3060 882 1835 1927 1193 2347 1624 2381 229 2059 1574 2519 750 2836 2906 1227 2997 966 3025 2044 1054 3297 3163 578 856 2889 1460 2691 577 1748 1296 1920 2492 2149 1011 429 1061 3264 254 1514 316 1205 1292 2359 2650 1417 2478 2273 2032 1629 1891 2427 2999 991 113 2148 1148 1570 1173 920 
2687 2696 1235 2987 2689 2302 1681 433 942 2809 2381 2138 1346 2964 2916 2278 505 2296 378 2949 2679 2611 955 3220 957 3094 2780 1591 1293 396 258 1454 1083 119 3049 1032 2979 545 1409 1689 965 780 1018 2893 1974 2594 1304 1328 29 1561 1877 566 2923 2324 1834 21 574 2470 1430 2262 2294 375 2323 109 6 1803 492 471 2397 2837 1521 1380 210 2531 59 2534 1030 1983 2554 1604 1604 119 438 2657 1517 253 1375 1084 1762 1265 150 145 1740 354 936 486 1965 1564 2664 43 
2914 12 824 1041 264 1294 1220 826 3173 3290 71 498 2766 1415 2786 1643 2617 1212 86 1755 1012 2141 2926 596 2153 415 733 1512 203 1629 886 2588 796 3298 44 865 468 810 2747 1206 2522 624 387 942 3221 2948 958 850 650 151 478 276 1525 2908 2411 2162 1301 2862 1262 2425 770 674 296 3291 279 1044 2670 1434 2984 805 979 378 1752 2681 1635 891 2936 2848 1681 863 1034 2450 1329 1503 120 1106 593 2828 732 2261 1511 1428 360 1536 1077 260 1610 27 693 2272 
13 969 2860 3189 559 2304 1558 983 472 773 1184 160 266 775 2132 2401 3032 786 1847 1307 2484 430 2825 517 999 1486 3302 2253 636 3035 504 884 3200 2870 1482 456 1033 1191 2042 1976 774 1562 2695 2650 2003 3231 1066 1212 2308 688 2039 388 2543 367 3024 1121 2560 555 672 258 1745 1810 83 2686 258 2776 2046 2003 1500 1899 1606 2711 1389 2911 2981 1239 288 2359 3272 3031 1248 1506 1331 1641 2040 2317 3181 1623 1347 1979 3153 379 851 1523 497 1833 2488 2262 2120 609 
3253 1153 305 1930 1592 1284 535 2420 2852 2266 2932 795 2708 1577 2214 189 2592 1711 2938 2639 2699 1672 268 3004 955 3283 2161 189 845 3249 1992 280 2609 482 81 1482 2719 1272 1570 3238 636 1575 671 938 33 596 3109 3230 1841 1031 1143 1866 1219 1988 170 3004 1875 2004 1051 2666 151 335 2536 2165 3328 2568 1438 1752 2823 2469 2894 450 2783 1547 1325 91 2687 2672 2106 403 2003 3268 1799 2940 1224 96 313 3197 2042 783 698 1232 3305 1340 822 1742 1828 1504 1079 3029 
1003 3082 1046 32 3213 926 1102 1015 511 2780 1305 1805 2642 2443 2587 3164 2236 484 3134 2135 621 2393 1544 2992 717 1238 2284 3122 1008 713 1157 2360 1734 2171 2572 776 3022 2745 2601 1640 3251 2261 1405 1039 2900 159 1756 3248 1419 106 2844 2575 508 613 520 1218 196 484 2542 981 2599 1115 1261 3201 1966 2064 3114 2377 1911 461 113 1674 854 2638 1466 2382 62 755 1997 2788 3289 3126 1487 204 1145 2747 572 2279 2153 1709 1370 505 2986 1319 2239 1517 674 2634 1048 975 
3257 1557 1273 65 2625 1049 3066 666 1836 1520 671 718 1986 271 370 3304 982 245 127 1798 2888 1896 1498 1128 2849 2535 1945 1497 446 1699 1263 259 3058 2750 2234 361 886 2349 2032 566 195 2472 1124 2344 265 3113 2715 3308 753 1236 1159 198 2043 765 746 2104 854 247 801 515 252 92 2082 2435 2346 2754 1221 2462 2435 2582 122 406 1297 383 2957 999 2298 1852 2544 1622 1892 209 2363 3014 2141 106 3144 338 2687 2361 3104 2188 1776 2571 1413 2773 3264 487 2795 1869 
695 598 202 1880 307 785 2090 3145 1940 943 1587 2609 582 2533 3024 365 1971 3030 2535 3158 660 3229 1533 2238 1734 3173 2041 663 1105 796 474 3045 834 1156 1737 2519 1210 2208 670 922 1034 1696 2552 3287 1452 2446 695 1349 1384 1228 2072 555 878 1710 881 1544 112 1849 142 1368 2142 2648 1696 1051 2143 2390 700 2910 1151 1922 741 2419 3235 30 1271 1644 78 957 2652 2683 1032 988 1701 1234 218 3030 476 78 571 819 2086 191 3149 2115 557 424 118 311 2223 2437 
3026 656 3109 741 105 2612 100 322 2308 575 399 1974 2067 313 725 2258 2558 1935 2814 2358 2544 1929 818 2084 1835 939 1810 875 1729 1702 1138 1523 1535 361 110 1577 1750 3236 2410 45 2444 3330 2315 3189 1383 2231 2181 3010 2464 1163 2943 1727 1492 2353 1090 200 1848 2417 2380 1546 1844 925 132 1431 436 4 2208 1214 823 1348 423 2549 323 608 3106 2122 2970 2308 3068 1390 1311 352 2935 1276 347 2166 1131 2502 1584 1913 3167 2335 2107 895 3030 2298 353 2210 3287 1961 
2115 958 42 2533 126 176 2088 471 1306 1948 3126 153 1601 710 3007 1355 3154 2455 161 2030 1277 284 2619 2234 2755 2456 3164 231 3185 2881 548 939 576 2461 343 251 2903 2092 2837 2941 506 2688 1584 2734 32 345 582 2645 3123 867 2331 1209 454 3266 3274 427 2426 1371 238 1232 948 2989 3316 848 2057 2330 1365 1556 2105 2275 3215 1467 1277 1652 1097 3247 1867 944 1440 1792 747 30 357 207 2306 1542 2386 2104 2758 956 2067 520 1454 432 2429 534 427 376 457 1425 
117 3243 2545 127 1719 1351 2356 2269 3085 1125 1693 706 2288 3325 407 836 2791 2822 3264 1058 424 3269 2481 518 1895 2284 2946 1880 2480 2281 1808 642 2272 573 3227 2932 2739 1586 3162 2216 3097 1830 2928 1657 973 1031 2798 2761 2144 1039 574 3319 311 149 295 997 2681 1539 2361 1338 3321 2625 801 2748 530 1103 1367 207 1046 3028 3031 1504 1473 371 1967 1827 2452 2348 3282 1845 989 2353 2232 981 1122 1375 167 820 735 2817 3187 1470 1473 1891 1977 2427 239 1938 2511 3266 
1192 1466 1829 1608 1660 1090 1151 1166 39 1398 922 2096 1098 1165 284 432 2198 1890 1225 2690 144 847 1939 166 1717 1165 1041 972 28 2185 1253 3168 2160 3038 2876 2277 2869 2219 1199 3251 1357 1676 1460 3121 1222 3257 1110 346 2852 3295 1598 1216 397 3205 1770 858 654 570 729 3237 654 1036 2836 711 2974 1029 3174 1374 2236 234 2547 1559 1513 1510 1695 648 881 3187 60 463 1894 2664 629 358 219 2904 901 1989 2239 114 2891 2637 3284 350 617 2963 140 92 1620 2257 
1189 2180 1791 3125 1299 2020 1035 1102 921 547 748 2807 689 1785 2249 2592 3135 443 560 837 3132 465 2672 267 1968 110 3080 1984 237 3135 2428 843 1967 498 537 296 1001 2325 1141 2753 1387 1380 612 222 3225 864 1658 263 664 1494 1809 588 2754 1650 912 3290 303 956 1366 345 148 847 363 623 1611 2838 703 3178 2521 2597 836 2552 1425 2603 253 1887 1767 2828 1624 2493 2389 931 299 952 1422 2000 1398 3325 1945 2260 148 2484 927 1146 2978 554 1573 627 2706 1296 
2101 1343 188 3256 2439 2332 2623 1418 1548 661 1546 1698 2691 1341 2329 3245 163 3132 579 413 1592 3272 2422 3171 3193 1074 350 137 993 2459 2222 1231 2385 1029 3053 2580 3176 2209 2747 3067 204 2512 340 1562 1052 347 1695 1917 1420 731 3312 749 3021 1390 1051 2801 2561 1028 2709 3146 3187 825 1555 3140 1400 2002 1047 1490 1517 1105 976 922 565 2063 1153 101 1204 867 2658 517 421 698 1467 965 723 2660 2482 1301 2553 1429 2654 3183 1942 572 196 388 3192 1950 1182 3271 
2596 3068 1922 2862 137 3071 966 2004 2358 2841 2025 3036 461 2559 2349 3278 1513 3081 740 1611 3022 1758 165 1513 1228 360 820 764 722 1752 3048 2967 1243 3085 2153 2677 331 3001 1781 776 2361 3217 2 646 724 1493 2383 74 3271 2630 1016 822 2218 2492 35 1440 770 511 357 749 2052 2647 2952 1722 2124 2358 1516 2529 78 1608 965 2144 830 2438 436 674 236 415 1634 1326 341 483 1399 1966 2990 2044 239 620 545 824 1884 1836 987 1367 2019 3039 3246 2549 902 2463 
3154 2735 551 1794 851 2191 1811 776 1515 687 729 773 673 2096 586 2359 2918 1276 2829 292 1905 2455 3191 823 1318 2076 1595 2775 2748 356 2456 235 1761 2110 1695 440 51 3268 2577 2130 2176 2762 422 2998 710 832 3157 1583 2271 1501 1043 2317 530 1257 2138 2659 1518 896 1324 1862 1172 56 1769 569 1907 2146 550 2199 1761 969 2490 94 2380 1842 2080 2833 2918 107 1882 102 3049 2628 2604 67 379 39 514 127 2863 3070 3157 1542 2272 1705 740 1998 2841 478 1248 2863 
1620 896 2665 2045 1470 2950 600 2885 1166 395 732 2371 1076 547 1579 2167 2460 615 3279 2700 1986 35 2245 1662 1555 309 1807 1040 843 1034 1559 754 391 1368 809 1666 1313 1043 820 3146 166 120 1972 256 1911 1829 1466 921 1731 2777 261 485 1145 1421 329 448 2381 703 1578 3305 1188 2453 2185 1684 298 2718 1311 3181 64 673 1282 421 2339 1252 1685 192 2965 2354 1059 2093 447 1476 614 3104 2961 2264 23 3214 1875 2219 2223 1506 2779 3247 2240 3126 889 2208 850 1750 
1301 218 1081 2418 708 1347 2938 345 3178 3032 2813 3209 3242 758 350 854 362 2283 1913 216 2388 1017 877 2925 1483 2799 2849 755 80 3064 1569 3236 1304 1896 615 3114 2459 482 3208 1512 3041 2576 2266 713 1136 1817 2817 2431 2054 2525 973 2761 342 34 701 235 574 1746 2530 2246 3108 1412 1559 2190 3095 2055 2856 2396 2766 2123 1677 151 997 2555 1073 643 1103 1859 1023 2574 2014 555 2280 2037 18 489 756 2483 1253 252 3255 2505 838 1444 2915 1597 188 353 395 4 
2283 958 894 43 2500 294 1894 1632 2753 2835 300 3083 3086 2280 1579 96 509 1700 2025 2972 963 418 2913 188 1571 809 2701 2796 805 2268 2254 409 634 2601 3178 3246 2588 2230 2186 715 1538 1469 1374 748 195 237 2947 3258 2837 2045 3245 1889 2252 1791 1744 2831 2642 1572 2945 3032 2880 2375 1714 138 3299 835 619 1150 2286 900 2656 2012 2839 1387 1677 1705 1087 2566 1705 1610 2854 2050 838 468 1636 261 2195 551 1853 1937 413 2106 2738 1150 3192 2518 793 1227 2398 1003 
936 1942 1196 567 213 3228 2150 2075 1999 1553 1856 2296 60 943 3094 1249 1998 2289 2526 1441 3021 1303 3196 2478 578 2215 1764 2423 1803 2 1095 1519 970 1130 1111 1302 322 2744 688 2150 305 1567 712 618 1436 2847 666 2482 2072 686 988 893 2597 2764 759 4 374 3220 989 2566 2631 1855 1894 86 972 2532 2027 2111 2715 2059 2718 2644 2188 1472 2453 3217 1628 2878 3258 45 2102 401 1238 1311 94 2522 2216 1194 1511 150 1057 295 744 63 1992 439 589 2410 13 2977 
1282 3129 1303 2203 1739 248 714 1138 550 1138 169 1904 3145 2035 396 1394 1811 679 2555 628 3169 1867 548 3004 2757 2155 2990 2616 1836 2210 1622 3192 3214 456 2470 1235 55 1184 2771 2326 1507 3091 1488 254 2066 1943 2042 2948 1400 540 2226 3018 1541 838 1595 732 495 1233 458 2050 2445 367 678 999 612 3121 2064 3262 2810 65 676 561 1902 2195 2513 1744 1486 1229 368 1178 397 3041 1643 2517 1665 1320 251 1494 1178 2884 2375 269 2479 1648 1664 1104 2466 589 2363 672 
1994 2613 1648 153 513 486 2515 1004 2749 1941 225 968 2354 937 1167 1510 235 2863 692 2553 3294 1331 191 1900 715 805 1386 2734 2224 975 452 273 110 1725 69 2802 2498 2613 450 1769 948 931 2680 2789 3083 2940 2454 1736 2110 2469 335 695 774 745 120 1487 2126 1527 2264 1516 662 2226 2973 928 3086 2434 3103 42 621 1849 2743 1795 31 725 335 1657 1135 2842 2584 1332 2783 431 2634 1299 763 3094 1421 225 1777 2854 1229 321 1906 1762 2629 658 962 2288 3001 2860 
2634 2924 644 554 3268 3096 994 69 841 3136 3193 3332 2818 2201 1774 2048 63 3255 2422 1566 857 2509 3028 544 1602 111 2746 2294 1395 2474 1153 2078 1468 874 2335 2998 1167 1960 1080 1919 2070 1330 125 2678 1813 1273 1784 2986 743 1460 1092 80 1433 3272 3241 655 68 458 223 2968 2460 2517 537 1998 2474 3047 426 2216 3276 2801 293 1122 513 3056 216 163 929 62 356 3334 1373 298 50 2444 1156 2107 3327 620 2100 71 2218 1195 234 3324 39 1194 3306 437 1509 200 
2909 1292 2299 1254 2871 916 1011 1995 2658 911 2306 1168 2077 2876 1357 1136 672 275 1904 1738 2001 2378 1333 1266 1751 2356 1654 57 1718 2057 1420 596 2069 1561 903 2569 2363 1414 1384 1944 568 1667 1861 18 1594 1166 3231 205 1643 522 2334 593 2237 2711 539 153 625 1381 3261 3097 1680 1093 500 2714 1937 1039 557 3070 1539 2546 2329 15 384 1888 1200 1416 2163 2574 2925 1568 2590 1948 2069 990 2822 1634 634 451 144 1376 2537 617 2302 676 1898 48 946 773 756 7 
3297 401 3260 873 2462 2327 3019 753 794 837 384 3200 234 1996 371 55 663 3124 2398 2503 835 1076 481 2206 1446 391 142 2088 3277 2680 599 1426 1683 1854 2395 1624 560 764 896 1086 1908 1245 1518 3000 334 2455 846 589 517 1978 2206 779 1408 1480 2060 2531 2101 2861 1940 2191 277 2614 2895 1664 9 3288 3036 221 763 2953 1321 754 1010 3311 489 2321 546 627 357 3263 1345 55 1388 2798 3183 212 549 1999 1878 2304 2526 1231 2660 1278 28 1472 2786 2276 903 2524 
790 782 2861 2798 1921 2838 2319 620 1297 2540 1275 1388 1697 3027 859 2757 790 1491 1652 1244 510 3125 692 1540 3190 3047 3000 52 1796 1729 102 1185 1962 703 1596 116 1997 330 2463 927 409 1231 1737 121 2443 1693 907 2459 2646 2525 619 582 2025 285 2917 1325 1776 1316 2532 287 746 3323 1652 377 450 352 2343 2892 1751 2012 41 1637 2578 2911 1654 1814 493 3056 2334 285 2779 2196 2965 1037 46 3177 1355 1908 1789 907 2731 1171 1245 2419 3119 1076 2880 2925 840 724 
559 2632 434 2055 1693 1202 1104 909 626 3231 2522 720 869 2820 1775 1291 2995 371 2063 349 1015 840 2966 95 2595 248 2485 1112 1547 2972 749 2542 3078 2552 2431 2339 1774 640 1164 1378 3285 95 691 1944 3014 3015 3300 735 2395 1196 1608 2711 625 2970 3203 1739 2537 315 724 2718 1793 859 304 2112 2768 2598 3278 3097 2777 3300 2014 1027 2062 3197 2243 50 828 858 2368 1738 3182 3295 3003 790 1795 1843 1628 786 745 2808 2883 3048 856 1939 2021 2000 2537 1863 2229 2744 
2038 1982 3176 571 959 3085 2570 3010 1120 1110 1543 1898 743 3177 2066 3177 3116 1745 1802 1502 1599 3040 873 1345 1127 3156 1502 879 2085 1667 3110 2140 712 925 351 2240 2061 982 3156 1107 2959 701 493 2570 2441 1395 1015 1091 2727 2706 1533 3226 2929 2371 1748 982 1476 2598 2707 463 2560 1596 3330 293 2228 593 1256 1397 1675 413 2827 2891 1254 1512 154 2205 2618 3318 374 1611 215 2761 3101 1632 2020 2196 367 2395 2392 984 2352 2860 322 121 554 1790 1780 2831 1669 3 
1985 2458 2719 1256 719 3205 1327 951 2872 1566 712 1398 439 1541 2321 2655 1773 3099 1764 155 1845 2043 2276 525 3053 52 2706 2892 2165 1093 2875 2694 1758 1402 1387 2755 1973 1168 974 3312 118 1461 3147 1201 1674 2534 1525 2146 1293 1420 2782 426 1593 1014 971 2307 1768 2313 3100 115 2077 1341 1089 1613 1783 918 51 2797 984 40 2632 17 508 2109 1028 1402 3294 824 269 2108 3314 329 403 729 2458 1675 2074 2132 3219 2051 101 37 349 648 1875 3291 1532 1900 1631 1658 
2799 645 89 2770 2972 2580 2100 3116 1376 1714 2490 1211 2357 2029 129 2929 2429 1325 1392 1245 422 2502 1329 3157 2801 880 1108 404 1342 1159 912 781 2202 2089 1397 2941 2292 2054 296 311 2799 87 3285 3239 45 2838 1852 2043 3105 1361 1342 2807 290 1255 697 308 606 1040 2425 2971 1244 1800 2278 2738 947 2613 2145 1874 206 2686 1048 2039 1171 502 1121 1283 408 553 1601 647 1220 3110 988 1109 1035 1732 2222 1140 1457 1388 1540 946 1560 1267 2501 1737 1977 2019 497 739 
3169 1522 105 2096 2458 1641 1906 2523 1230 353 3293 1095 1874 842 924 2546 3241 2250 1017 2657 3169 3198 2952 2628 1052 3242 1849 2447 1812 1543 502 95 1469 1439 1210 808 1977 586 1018 966 978 910 2309 3108 3209 583 2618 1757 2961 2508 3124 238 456 429 1471 2281 2736 1794 914 665 860 2569 2140 2886 431 401 2116 1457 2375 2011 1280 2991 2511 315 2477 1743 245 2759 3190 2134 3242 1745 782 859 1982 3161 3198 2226 99 331 1066 1612 914 1187 2337 2486 3018 1333 2781 864 
461 2069 1168 1397 1252 31 1553 2710 2585 926 3316 640 2673 2051 2849 1258 1058 2732 624 288 3221 76 2319 929 1552 1683 1254 1541 794 2923 2684 601 2285 2341 662 518 2360 212 2278 1926 3174 1794 2787 651 945 828 1400 2355 1298 1768 667 1601 553 2233 100 1234 1993 2685 1425 3202 2140 2986 2966 2623 2953 1784 3226 710 880 534 1197 662 544 1957 1857 747 1266 704 1111 2434 949 184 3186 2603 3114 2315 1569 978 833 864 3073 2233 2553 1840 2879 13 721 2874 1273 2348 
1229 2087 59 946 2591 1613 3288 3065 3140 54 862 3138 1043 1292 1446 2661 1773 1901 2423 277 2743 849 575 402 2292 2959 2732 1085 1540 1338 2615 2302 793 2782 3236 1975 2924 2430 2551 1120 2899 3279 2756 781 1851 2595 2341 57 1885 2027 1585 1817 1225 1691 2684 847 334 2494 987 1627 2577 3100 777 1354 1320 1410 750 1468 2934 1479 1798 2337 1664 330 1857 996 3238 2915 3051 1379 2122 1393 863 2932 2230 684 1174 1631 3183 3041 711 994 2360 3026 534 909 3333 2987 1591 785 
2820 1588 355 564 297 300 3306 1037 2367 537 1365 2528 1176 267 2366 2092 1606 1901 3095 2631 12 971 977 2341 2309 2934 2694 144 457 3209 2688 2027 2632 293 1351 2642 1402 1321 2470 1194 3314 1170 1393 679 3033 2957 2794 3000 1790 2313 1600 650 1721 3001 43 2445 1806 690 458 2546 103 3293 1760 1411 568 3260 1255 3214 2114 2479 586 2781 1379 2047 1193 2416 1662 634 3132 1760 1411 2519 2054 2237 1806 3288 2561 842 2143 1213 2245 1588 1436 2597 368 2498 1724 294 2021 1515 
116 803 1024 216 187 415 833 1934 581 124 429 2596 616 1432 2641 2861 421 2915 2781 3143 2498 201 1075 3237 457 2286 1405 1416 2370 2875 2225 2182 1496 2061 2585 2110 1854 287 1560 2582 1055 1453 938 2810 3013 3013 28 2575 2292 2276 1211 103 1109 578 924 500 1274 1940 2281 1871 125 916 469 2797 2102 1962 41 46 950 1656 2254 425 1200 2441 912 3205 2124 1583 290 1806 1522 2627 1999 3263 1548 2187 2170 3314 3265 2394 1649 208 2197 624 441 1219 422 1091 1845 31 
1432 136 2621 2383 1431 2658 1735 2810 2477 1480 365 3033 2073 761 1767 466 2073 1393 1410 62 2299 599 1757 390 1691 1862 2112 2430 1432 877 2444 314 1909 604 1479 1074 1639 441 1584 744 124 2035 1800 1551 1904 2225 46 270 933 808 739 1172 2203 1312 1552 599 2515 3262 2494 3008 1716 226 1735 2309 2425 2947 2394 2521 1494 2245 1410 2004 2628 2228 2913 3049 2641 3333 1289 2224 1088 759 2189 398 720 184 1284 974 1564 492 2995 561 1188 2885 440 1176 1436 1591 1141 187 
2618 521 2494 2776 383 116 1697 3020 2102 2334 2795 368 1298 310 176 1851 1092 2180 2971 2991 2973 1324 552 645 302 2370 1326 1907 1965 2180 2614 1654 3202 1552 2727 835 16 2533 2847 3296 310 1283 1026 2402 2692 2077 669 1665 2876 438 3103 236 3162 1885 793 2203 302 3194 398 951 2160 1754 1600 1103 3186 2770 460 2759 1336 272 2627 1788 2166 2610 2342 2789 2914 666 1134 2722 1036 1990 2827 2070 3186 2695 1993 2237 2012 10 1488 1780 3024 575 1346 3053 1878 2143 577 1421 
1585 3259 2559 1216 439 1294 1416 2215 2764 2445 125 1052 3229 2787 2342 2249 3294 2610 1598 1417 1101 1467 2117 2794 2678 2963 2611 2370 2716 460 1134 2679 495 404 1022 3 221 1779 2961 840 1059 1036 1590 2813 1666 583 303 2789 3229 1764 1662 124 1636 2757 1909 1746 1802 1619 1994 1527 358 2511 3025 1590 1736 2051 2197 172 1405 1928 1018 3162 1360 2430 1641 72 3203 1800 1336 200 89 172 1793 1213 304 1342 1326 2204 1779 340 1973 1258 3038 3312 1666 2627 1932 1716 1465 942 
782 3123 1433 3281 1182 2745 2338 1947 1824 2134 3040 3173 3315 645 3241 2116 794 2337 2225 1667 136 1496 1551 2551 2426 3265 1027 2209 1024 2818 27 1332 1671 1697 1853 2373 1754 812 154 2641 1141 3127 1716 2994 390 564 270 2039 2582 2440 302 808 1225 2047 1847 1619 1824 2159 1551 1365 552 2400 404 1380 1527 469 665 1691 1717 2989 849 1446 2156 1871 2591 2897 227 947 1170 440 2989 2591 81 2373 3148 1928 2392 3331 2904 2432 172 2673 1127 616 1878 3331 240 27 1070 1515 
3119 3014 1258 2368 1088 1909 3299 2509 2426 1932 845 2684 1983 2213 1983 2052 395 1827 1107 1590 2577 72 2820 558 2197 2205 1927 812 3110 1873 1244 96 1379 437 1140 1176 1300 2795 2813 3105 481 2845 3259 115 941 2087 2130 1035 1210 3168 1491 2621 2903 933 3062 1509 3092 1899 668 466 115 1899 1010 2326 974 176 16 3033 2523 2338 1029 1092 327 1185 2903 1717 59 3137 949 68 2912 2156 1360 5 240 3163 358 1858 3125 1718 690 2402 1491 759 1022 3326 1598 2883 1331 1239 
3123 3062 1931 2400 1204 1649 2213 337 1465 3025 425 1414 2692 3324 1426 2109 3331 303 3067 2189 941 10 68 355 2165 1958 1593 3067 466 2322 1775 2338 485 3171 460 721 310 1070 1639 616 2505 2611 2897 1802 1929 1278 1853 1724 1140 1857 581 1088 1990 3203 2382 3163 2880 2316 777 933 2878 1230 1588 983 2792 663 1757 711 926 2194 2442 1749 2123 1858 668 3227 2600 1793 2792 74 1783 2085 1493 1507 1020 2052 1414 3171 2514 2717 2423 1957 842 2717 2134 1879 2238 2892 2194 2673 
4000 4000 4000 3293 2809 223 1230 74 3334 812 1237 1746 2402 1300 736 1507 3166 1749 239 2644 2770 1093 1360 61 2442 2116 2440 3334 2176 61 1614 564 1763 2792 3166 1172 5 2159 324 1788 1966 2404 3315 1159 1300 2366 1958 1614 2578 2176 2404 1600 2442 2351 2835 3202 2366 2450 1181 1196 1165 1069 3227 1392 2450 945 2085 387 1783 2075 3324 836 1181 2895 2307 2600 1312 81 1181 1973 1789 1237 2809 1134 2087 3105 61 1958 945 3501 3501 3501 1789 668 1073 48 818 1763 300 1073 
