10
39729
42815 10273
27 6904
49680 49680 49680
49737 29349 34257
16688 45128 8087
49680 44138 49680 38608
9755 37188 49680 49680
30139 6373 2452 49680
49401 24622 30932 27149
49680 49680 49680 49680 49680
27135 49680 49680 49680 49680
32362 49680 49680 49680 49680
34762 46018 15551 30099 43556
8058 36196 33286 873 12822
49680 49680 49680 49680 49680 49665
49680 49680 49680 7778 49680 12559
29014 49680 49680 49680 49680 8387
45599 40494 16475 6089 29103 42582
43278 9242 48955 45730 24995 49680
23578 43014 18496 17065 49680 49680
41728 19610 49680 29435 7280 49680 49680
49680 49709 49680 49680 49680 49680 49680
49680 49680 22992 49680 49680 15338 2257
22630 32563 15079 22295 49680 49680 49680
6693 43991 17661 15081 39590 49680 8156
47908 49680 49680 49680 49680 49680 49680
12032 49680 49680 49680 49680 49680 49680
3611 40490 49680 49680 49680 49680 49680 49680
49680 5310 49680 49680 49680 49680 29205 49680
49680 39446 17392 4200 49680 29376 26758 49680
39048 46441 49680 49680 49680 18486 49680 49680
49680 8658 42228 42118 24719 49680 49680 49680
49680 49680 15220 49680 23808 49680 49680 49680
26976 49680 49680 37850 49680 49680 6372 49680
8408 26497 29417 2399 49680 49680 49680 49680
44159 49680 49680 49680 49680 49680 49680 44498 8341
18667 49680 49680 42406 20373 49680 49680 22278 32897
25683 1483 38695 9427 22035 49680 49680 49680 34423
36185 27435 47216 21024 36093 39444 29494 49680 49680
49680 27164 21017 3303 20492 8867 26027 49680 49680
28900 35365 5444 49680 31299 45876 16295 49680 49680
5993 30895 8701 49680 26366 3173 7950 49680 49680
18402 21008 12997 49680 49680 27829 9395 49680 47420
30367 36830 10988 49680 49680 17743 39275 433 47237
49680 49680 32791 49680 21450 16892 3283 46669 42919 32184
49680 49680 49680 49680 48386 14716 29835 10614 31011 35828
49680 41509 6064 28547 11034 30367 46949 48394 43364 24778
49680 7789 7137 21497 10971 18125 39240 16598 34910 36478
49680 49389 6360 19722 19025 19382 12642 49680 17561 17768
43710 13748 44735 41073 49577 36244 47137 49680 44476 47279
27504 41425 45673 37221 32555 19815 44358 49680 49680 4053
47138 12483 9645 13737 47394 12475 29478 20106 32198 14855
5840 11192 32416 49680 49680 39961 4902 46165 34696 12327
12094 20940 9464 6570 34571 3321 47995 46597 40542 46902
