20
138362
394711 330220
311797 31873
111189 323691 212120
113593 190113 238027
344677 295570 325812
246085 296131 115456 205370
68144 256056 169304 331753
139322 26400 161327 214420
374866 49569 269243 137222
378304 123957 131933 24876 35754
280158 136065 75797 92279 366011
265911 330306 27040 277833 372470
273125 290317 204279 194847 358461
60335 364151 6566 199658 390551
167893 14078 365417 217463 399673 102639
312119 123630 350925 336995 275736 231083
189413 351534 39714 155424 333797 370021
298816 211630 58843 171941 101947 263122
366788 176760 323458 47291 183326 123116
37842 67572 253546 119612 1387 369571
338603 313506 93201 5880 366853 85289 236964
272618 36823 393030 144394 86972 363051 43210
14955 21895 331503 116902 285017 14643 10015
324827 61934 309693 164295 99777 377265 134193
335741 378652 103764 274344 8510 313317 280225
375364 398607 233541 364334 151782 226571 108729
238755 305975 268291 253710 44222 199795 86964
45591 214438 96979 370419 276373 6673 134714 92502
100290 385260 28243 78943 89024 18939 87453 2342
15516 179169 949 365409 259856 152731 308333 84937
107838 214308 353228 77900 258530 153023 164865 20473
367462 378196 390892 360187 101221 241959 52689 317864
227219 197284 396807 316243 332575 200612 34937 348092
96134 152238 313501 72342 21322 338186 157279 129160
152494 110507 323413 127376 263531 204630 147850 347345
299178 255094 307532 400 213405 76573 318264 40624 390209
31423 73220 322784 348387 224509 387228 160873 376748 300730
233215 398070 238916 390494 243582 107763 101002 166995 351491
80885 371625 215693 144582 387156 70788 168466 387556 284193
361391 22172 41170 351600 169947 230742 274384 118334 55251
261613 395560 31999 278695 228775 146421 233963 219270 106356
58078 36624 389703 9570 233861 77681 225263 378443 64837
12403 146909 168745 12949 108300 190917 54119 176252 77216
284861 50636 311902 56464 28601 307462 204816 307296 136238
67589 257612 71860 173945 315690 108484 280001 41612 342345 357682
383228 37140 22519 395631 300401 191264 124932 125053 98533 179051
301305 292101 180264 351941 204003 353081 96895 227818 157897 120543
364056 225486 378155 152268 115784 10198 260752 395785 168162 319449
353467 151390 72941 92338 263374 373342 399954 388306 98395 214839
283710 399700 106940 63974 67993 27295 133407 281240 255113 291304
1784 335521 233143 96291 204141 65279 106489 64893 61064 274652
100694 130883 142394 173635 339573 5768 263329 339527 394075 361724
270718 277785 77776 94010 58111 145770 237657 191519 27010 209123
199175 145146 144644 32318 241438 65138 213949 64279 246383 275013
338931 347078 122248 197678 237065 61821 203446 100395 117700 197521 62119
104770 75306 256248 198780 249770 2018 36438 41289 145380 245561 240464
290527 106557 389135 131965 171695 203084 196244 18079 194450 251528 81509
33050 49206 318574 211224 369004 135321 328924 166526 313793 33695 358184
170041 348827 207954 288411 385265 365595 33791 347178 322412 40670 170088
27899 288987 341783 347335 201584 76214 258137 53112 157723 291188 218670
192650 102412 304026 327971 147688 70552 358116 181383 145089 128157 246563
353043 16568 231828 34991 50360 295359 357403 207382 65447 101654 96370
123582 48989 297954 199797 307127 67418 73872 198315 2440 382874 17079
306466 27198 164767 377019 385314 346151 238460 113472 192714 307855 130040
140894 342846 296752 152605 16601 220487 218052 118255 316857 341635 167245
214811 257784 190724 282229 331656 389039 284669 314531 6118 191135 341729 170885
284506 43395 233388 122966 156867 142454 30822 3260 399701 90020 16364 397312
152306 106622 236851 86711 224877 153708 144698 108474 84871 2482 299198 397312
367100 50490 4589 368121 81373 10707 275609 139454 297945 160115 182850 247685
399434 339717 106492 146608 59329 222545 236628 192046 374851 343250 28897 177914
284480 298958 322612 392954 383829 325094 8505 67282 375585 13094 151755 173310
140154 27364 312765 154451 303832 95615 2136 19618 151684 224980 166226 327366
47525 2854 119412 138729 62457 148309 32995 63289 163619 355608 172595 147449
397054 181100 331083 88991 194195 82838 262302 334349 226555 175067 88800 130387
387034 207288 266357 255070 148621 32583 182436 312498 151789 18200 167579 330598
282862 200575 393887 46481 272535 166483 310282 269589 63935 241365 358581 258130
40556 220883 308831 267111 112302 113983 113850 215688 37624 380207 187110 186245
129142 369547 215095 280931 104099 382675 327882 386961 299602 321769 128 397312 397312
33443 172137 204604 60077 41726 268540 17795 116659 243022 128 128 397312 58351
337542 151854 41814 166196 265837 272016 98236 303461 368575 285347 128 397312 206058
97717 254894 21154 95000 75345 120181 22882 62307 19783 61004 128 212102 308272
265608 272179 349998 250500 289974 66658 93523 64677 120552 245377 106491 3101 227566
94859 101337 131028 63434 386684 53438 161151 357930 190944 372504 33276 311125 395386
95583 47260 172742 24037 355532 38351 296216 21883 288851 302543 88541 382374 367220
325445 344103 190064 328546 171670 284923 29884 19050 348358 16568 72488 225861 374499
379785 198365 124127 290910 310104 219710 54523 82846 360099 126407 121197 256315 148290
126401 158858 353183 225127 242431 278629 169231 32495 323527 340901 317418 353411 359951
382128 86332 148791 207990 177183 128576 6355 301310 135839 32811 237372 306714 115658
313823 33121 353207 170138 181412 79608 45349 134595 21088 4132 129576 190319 36627
53104 247572 70397 122867 323875 52526 325551 189018 260516 102734 317595 383223 120396
169786 16035 74120 262656 262656 262656 262656 76500 131693 387943 128 109621 397312 397312
201252 274434 7385 397213 36135 141981 18301 40267 387909 324972 128 193246 41013 172544
263643 280233 96419 316169 205784 1789 293037 24871 35736 276261 128 397312 261619 205522
292296 52092 398374 140341 40035 224348 341593 30821 231733 55158 66956 90066 73459 223575
77976 398431 16821 235341 287327 280465 115574 100098 312986 37711 101888 206024 178934 137624
198637 40553 343147 207285 92645 57873 347626 249033 282221 5571 396206 230307 60730 179515
320373 250541 3090 114701 365325 136264 350043 252652 133081 181969 352751 46067 336032 54639
368443 114966 308615 167080 271872 368114 90717 80869 25988 38343 329902 24561 160267 42461
254868 337349 221976 175242 304242 341418 6295 269567 77682 72690 122220 210763 254660 191323
373183 307044 362314 341626 22011 270929 225059 293883 355396 315776 374752 381384 70472 21007
5945 347091 179820 377166 792 1796 268760 305034 59566 275055 290954 137249 347746 13174
64364 318758 320849 37547 225802 399515 95526 364165 270444 36937 258048 225840 69065 349153
323576 255889 86512 45874 202980 266332 23040 320124 384480 291800 225159 44046 283207 116113
181295 230953 245639 362012 266063 282840 399559 91866 282355 211437 56031 269151 248374 30432
211344 33792 95937 262656 134920 289681 182449 297146 209014 165133 320186 129138 149613 328338 70649
193659 211546 186762 91307 158851 148753 53319 24915 31593 169230 128 116781 30300 380668 289164
299452 345394 35948 227148 379186 131885 78420 385220 30686 375567 128 397312 194234 312171 12105
323372 178136 340444 110374 371796 268342 297136 179455 27193 162242 349126 52108 310187 234708 285241
340488 331728 290758 356292 277123 326706 183440 372661 174944 378212 74233 321982 353779 268467 350506
365885 308192 128642 22681 18566 216790 291023 32054 396245 34568 310648 61723 203029 220836 296432
88270 277676 228160 95380 350320 221635 138439 250112 310649 29735 228324 384882 68069 182104 253350
18575 264341 277894 147218 287022 12812 364008 178045 44866 360254 328965 355515 138329 131994 292703
34761 336617 170379 379274 31997 237051 200909 286788 87163 111558 316523 315487 96441 384593 213943
66143 3168 78284 344037 150386 81658 73201 230747 376055 118067 307353 305021 189934 45682 37015
82637 80444 373632 369368 176070 121982 206419 376979 8770 9934 204890 41646 41774 301331 26239
255717 83826 145759 50354 144215 12498 132012 217416 243245 108068 51835 150598 129441 241770 312632
166456 40759 109428 256441 10128 285498 378423 332899 378830 103545 59186 183720 145191 100960 201403
287782 73029 285229 149894 239735 145796 278744 371748 363212 238341 196168 15047 388939 325609 373169
301571 208417 13929 11000 64858 140409 12850 159633 189660 391680 379531 248846 175400 241074 349806
93155 262656 245209 262656 139188 378384 111455 378923 240532 390199 67023 203744 228540 263191 335144 333831
305152 308313 351754 229922 38594 79106 294780 179003 91957 170766 85016 83637 266649 333862 375390 107723
21 68545 69284 139209 163282 180739 118132 3814 170938 301508 323911 115830 164699 375407 49661 186204
72 117768 16126 38667 196874 27258 334022 288831 314376 19038 88821 181025 69253 180563 5101 69274
249108 190737 324835 128742 371477 159319 132557 258767 60827 172820 374598 225527 148227 140611 128083 264651
258379 144209 303318 55254 171467 353693 60437 202196 89083 265610 383221 158336 46173 104674 343962 295282
295412 268797 24024 383241 28117 272933 242008 88944 45753 332958 30823 310332 189922 158906 174984 48301
303115 194654 219907 190935 264699 280345 393131 70135 262307 92704 228471 308481 313731 288786 203763 209143
157583 344139 308736 185700 217073 150744 390997 379178 200055 21820 5863 389977 180727 297199 154630 200194
208205 374538 107481 72905 371235 216964 259392 233542 26021 87863 142023 339752 93001 62138 265247 250585
6278 173983 152637 339703 324727 143634 35233 241134 165455 157448 231111 62534 54647 102094 379080 379205
76632 202914 168462 164219 136230 27854 114113 162251 232069 256137 102003 325071 34627 367250 175656 157257
141233 44645 96960 182313 188280 248546 23447 70087 5994 370911 248973 176994 73005 344405 156199 265989
147319 41013 30208 283550 68867 144321 162153 300936 116810 264157 342359 151438 347759 118015 308695 88993
279013 122008 387658 67293 86906 127457 253732 209252 214720 102705 102598 287725 47110 375149 270066 310782
16162 16626 310684 85029 277300 72837 102318 394110 336994 44677 261900 284754 279045 286948 90099 158058
125308 262656 262656 262656 194109 341703 212214 321566 195435 21466 136287 298140 124065 140364 61602 99214 10431
372384 115377 143409 283068 316758 20709 355906 19076 14820 9252 180106 393072 294006 59151 280020 100457 333561
5328 294566 275264 217542 332485 70699 355361 68772 85191 195778 325488 146793 11344 52271 119178 243073 195681
2246 159832 216390 74504 295260 347562 83757 191718 340635 94115 367221 220655 194573 300782 342336 205491 292398
276230 137976 363097 231591 323100 164640 143721 248589 311434 155066 300860 30612 398139 96541 149210 274323 312932
223715 285936 260494 23824 77654 317481 117939 44876 138137 28864 62010 196825 350708 354409 73055 88684 33858
304647 128137 198499 48368 376726 226285 319786 277586 256897 34278 374128 122459 308601 3412 62526 194537 380258
86350 388544 297740 320642 33420 152229 65858 95430 349054 16566 166191 138461 221603 316402 43108 349740 114901
207829 42818 341186 243967 320404 314435 278245 10884 36894 186847 130648 215773 97736 227259 18475 86280 241351
339117 236052 393580 4976 47835 58986 137894 214026 197447 75849 130428 356908 25589 361681 281089 68407 19219
125056 105164 50006 119654 232400 203253 22853 363049 19026 120589 190308 37501 323222 31659 92971 159274 141591
97947 323461 316929 352193 253840 230728 28043 384268 303988 169984 62302 301429 354744 197873 26486 176260 247880
262492 8660 51133 285345 88061 70159 5934 278369 224012 45508 26380 316983 204783 284323 131282 128244 317604
83476 382084 148333 227871 82705 168673 114207 261359 70103 68951 59232 212941 361563 23464 75433 370224 74597
360778 58285 261108 83064 53007 85121 128573 195739 2104 49708 80063 133387 294304 114019 333215 392741 262352
161086 191798 147378 275293 169509 217481 60597 228741 30422 22160 368558 222207 392384 43155 299337 167022 304264
382401 336381 105737 227326 132120 107841 393386 328535 357580 287691 42555 290795 396784 21259 51881 188582 168637
327175 358091 102470 387772 303184 132892 126284 388094 71451 118669 31250 370788 2043 51866 353190 338424 157603 296868
186896 381796 290255 115432 339377 294298 157987 230172 291082 295598 282054 196016 64236 325581 270459 166706 313353 173643
15951 39637 161738 87402 274658 309340 58191 393053 77558 127733 331477 235161 24601 118374 216957 31208 350158 156334
325506 224497 102859 216588 120095 384913 128956 300683 310494 399415 183742 340199 289411 316045 96188 51149 119799 87199
76841 294342 80252 154399 22075 128082 105912 163029 362808 39221 310589 312966 195556 236096 137463 14767 169036 373910
399680 297993 274594 26526 297408 174688 83077 186819 90733 179265 354320 210532 382816 147513 221227 179421 301912 243302
307503 124176 122683 270311 163398 33273 299629 75306 385721 153444 90073 154757 243706 89753 169102 234652 116279 66511
9340 199356 369682 216425 94973 40355 143310 77790 187868 364537 257211 206133 207839 281066 330309 46875 267729 93707
196500 283710 169013 182221 37154 259086 336978 280860 65191 106081 115513 297822 288944 241205 213530 258626 57631 24856
15333 200941 102646 203202 165478 76209 125687 89669 73627 55996 136544 57708 266056 333044 341418 151421 115265 378572
10508 168596 375784 192051 391029 207649 89874 279973 48855 19756 254951 222838 44612 270285 23779 263610 189839 305609
56171 315526 395278 129798 87874 248175 187506 353930 297571 128924 105352 129189 223848 232212 297785 315985 140615 288814
123634 230489 285139 288841 250246 256442 111679 11210 243079 251810 274821 149270 157419 330992 181148 152698 60791 269023
117225 364649 339305 14796 209926 161009 143985 150126 109573 41770 66111 250189 46936 306098 80678 48427 311291 47276
21222 139323 58487 264301 391133 333308 13572 148553 380652 194720 17603 157795 180095 134828 122445 119401 149624 332371
396762 293610 198849 106336 51732 264961 356525 215021 287411 153555 379800 198702 200832 1022 338025 375671 265324 45511
25331 395248 194064 5983 306320 328019 163779 202768 62847 2576 38521 328823 51299 35283 222433 250148 141619 390518
231461 214496 205539 118872 368052 185339 33927 285236 302714 88304 260907 168038 133815 2590 279638 44231 124925 302310
372250 288704 221430 35097 291280 259951 363921 342579 11587 302706 309080 269558 293224 140541 84055 215115 375766 52107 116807
9693 53695 19521 97997 30954 303911 348165 33544 299901 392396 158469 202211 364647 163526 23642 116096 54806 399945 80017
113738 11532 99076 139170 281091 108652 279711 81498 323768 255477 133605 40575 381522 187300 176448 195872 334606 80359 144037
368150 380260 136433 242971 298823 217432 6497 38817 333529 177656 38763 129898 7746 166647 228974 146916 47738 337627 26627
129236 377747 398457 379193 134674 96331 282845 311122 292203 217451 391481 152592 301953 88093 5378 144925 386916 222810 151422
25734 156339 329078 180849 2590 53176 347496 231564 200092 111587 285543 343072 357175 263290 57881 336369 114316 154212 335566
25438 162768 269370 16919 315360 171323 105012 320738 32600 208281 259901 300375 234015 16240 345805 14864 135182 398982 362360
83099 199074 190299 368642 142146 147475 348285 200027 200196 62601 70592 252114 204392 233360 121484 221311 148720 9160 42676
185811 41760 250957 45712 58487 84972 178304 4293 216188 313487 3275 294900 396586 318701 85200 81580 60848 349027 146217
377227 149223 208819 47819 1337 13211 281179 239174 350874 146252 248334 109902 332063 6446 360859 377775 64934 162183 156079
69227 94723 185918 188854 389624 182504 107555 191176 264085 284755 140203 10302 378335 5778 335473 26154 7115 65036 23686
246289 132263 286290 210975 242165 334705 217422 203025 312480 398708 81560 184911 184287 176284 370830 373141 165908 269686 80696
73436 133771 81804 213639 260426 60139 335769 312251 202645 342884 377288 342683 305526 109551 228973 232853 351716 163678 166627
271093 192510 165335 352654 93774 349622 128938 180956 322763 11198 50642 119812 84634 300766 317968 14625 161192 378107 66746
73443 180752 9630 167083 239788 31508 392986 185113 380714 61055 348792 147341 332148 257654 312677 1154 67780 262299 246444
248736 301415 373994 299379 137579 174980 200145 55547 305957 77689 150006 372703 267484 330758 98686 34568 286898 130194 143906
72012 110908 204961 137156 258250 253462 111162 287279 370968 178943 265930 217413 27679 167345 191407 327058 21276 366388 243555
76823 272345 37596 226829 245049 305081 273940 343735 56001 160838 190281 199907 349202 17542 121221 86358 392144 374683 197521
279423 345651 376464 261705 279416 4143 29051 70824 47554 50327 153564 7461 243503 142261 45058 70332 387310 350139 60624
47397 122492 337815 354031 322399 287017 87925 159972 373376 80069 134655 170897 75844 196659 263713 337549 76075 384208 82952 263251
148114 249632 133167 155576 209487 275429 316986 396171 379091 383477 56796 26489 105969 394611 96872 144720 281628 184797 304693 371356
381218 155700 258605 57062 352359 122318 110963 144787 106527 310268 124390 254641 159900 257558 126569 85739 249339 43555 81910 228430
27032 138706 371271 249353 249669 68143 394074 247650 252940 298767 335358 234158 54467 193964 7572 123179 316282 118536 384318 139161
145156 225060 110155 21408 198970 353076 107147 48309 112984 189057 276740 256368 44116 248011 105722 10137 316155 99796 257787 285447
114915 193146 235958 285734 103462 243530 125265 136096 78418 225935 275258 223574 50996 101765 244982 366318 54841 68481 14628 167825
257539 7720 24194 18007 255731 246268 28144 288238 62416 2284 290038 177331 195430 125996 63065 15244 369526 304683 151340 164297
130618 142950 104223 297966 244715 65558 264285 15909 134039 278913 300086 107930 286633 40632 125937 258716 286900 154082 263307 349316
272718 153345 242999 68148 279341 306065 199744 365219 327100 351084 245868 57718 94035 350092 355685 338750 15650 219970 71011 266041
215235 371098 373972 218220 11730 216261 76936 14983 86695 56595 80651 359413 209940 323651 143913 205633 346068 343657 287205 273168
294742 133073 330886 388777 83165 2923 43879 215167 339245 114891 197561 154480 202341 171533 89052 330423 104146 282341 345406 190842
338936 26058 150255 148877 66061 294169 354510 12129 237826 241715 285297 248920 91141 332535 237697 290658 335459 397929 105826 391056
229172 19739 145537 31513 307624 350941 361936 11770 233282 23695 202612 172219 166105 69220 321096 232166 363389 391958 360647 317567
350026 245944 166488 41167 294831 120537 331825 346642 118466 154003 337699 347638 173742 199588 379151 197718 150529 57440 209489 383812
197487 12101 156031 79944 197673 193479 28462 161062 185437 389109 194982 251815 351405 361470 292982 246236 82007 341160 192879 316826
95163 130578 264464 385258 46518 359968 182976 197047 133760 392465 180859 47599 120919 53242 127543 318592 246721 156005 196007 148511
261466 390989 326 329223 68811 293309 175459 267170 234469 84690 183996 45984 331620 48461 147594 378138 124781 330571 291538 258541
39388 72397 306140 276659 125640 150035 311604 88713 22392 223963 237224 283858 331304 237551 329433 115 247212 221244 383637 198033
305935 167634 244017 353907 332447 107964 48398 173580 154887 339936 32121 194275 128685 54613 187287 370677 204648 215243 59391 343392
39206 12967 343602 86862 250518 273035 203329 214082 94279 186966 12115 116566 70952 372485 70474 3399 80449 235224 176979 235336
