112 113 37
3894 5322 2000 5099 11974 5280 9217 18052 29369 25039 27811 27216 25463 31593 23441 27798 26815 23434 11909 20463 1873 3644 12918 6732 9963 12184 22820 25658 29815 5422 19697 28005 13443 9895 30450 23131 6641 10665 11078 32659 29936 1275 28582 23982 20011 16106 4158 13052 16960 15083 30395 17986 12659 31361 30630 20155 6052 25953 2544 7516 8318 23765 7374 27484 19442 7774 32711 29172 14051 14749 4362 12132 23587 7539 9734 32054 24991 104 25141 23494 17878 10313 28728 5890 400 21781 20777 10351 29132 21275 13869 31341 7674 30812 6216 28859 11882 4406 630 23101 9989 68 16887 12285 14907 5504 28906 17777 18492 24746 3869 19964 24171 
750 7460 23478 19215 17345 28072 15216 6476 27916 8450 20979 2387 12940 32520 24201 22741 10360 8999 18111 28605 3429 11955 20328 17694 27496 30074 26341 4202 21626 22687 25764 6886 15904 17318 25063 17754 16459 32715 4039 5645 15228 20888 11896 25328 10797 5302 2510 27674 8557 18948 7936 31348 17610 19430 20397 22198 12659 7392 17948 11410 9374 1123 28360 11822 24872 28134 11036 3032 6267 15929 8571 5110 23221 4886 20099 3899 20999 8442 15251 11553 19802 9010 32394 5267 24121 4665 26322 27881 3563 5185 31646 29466 28127 23568 12143 28461 1870 27149 27869 7665 28187 25499 24724 25326 31486 29861 9373 22171 28897 28538 12511 1234 4490 
7900 13541 28544 25979 32339 16097 10657 15126 19656 21489 7788 8453 11598 23970 22730 24537 19011 4275 24333 14065 11928 12571 30431 24734 18797 22348 25976 8580 20449 6842 21 26436 28968 17815 8357 14936 4318 30177 21189 1854 31642 20383 19694 728 18887 9320 2541 11795 25775 13348 5780 15559 25049 27415 26544 25566 10389 16667 19515 21177 5589 7724 20434 23503 4670 26666 8553 4247 20095 7643 21053 21673 6626 9008 266 11296 1824 8905 17790 18754 21370 10426 28654 7523 17413 23184 29001 28934 27974 28815 32586 18246 6398 21566 18673 4212 15943 2086 20275 28674 16352 15574 13809 6559 25798 14122 8487 2468 16132 27597 29286 7343 29899 
29693 31364 19085 8133 16270 29586 2142 13991 10290 22286 5619 13574 18935 25690 14971 30059 17681 27501 13407 29097 19674 12233 24682 23918 10263 30636 23597 20249 1661 7051 10146 27339 20340 10684 2575 17345 19994 29299 15917 26593 24203 4079 10634 18834 96 16117 9004 31697 29301 7038 3447 29826 15344 5549 18257 18691 18046 13059 14467 6407 28128 28630 32098 7074 10407 21759 30128 672 11835 5588 15037 10267 15906 19030 16593 14925 27775 6571 10190 22946 6105 26830 32530 23825 27678 24965 155 12461 5864 26003 1902 631 4350 16943 17721 12663 8478 14262 31543 13067 31738 10653 14932 25214 9600 2729 28306 28380 30558 22882 14763 23301 28870 
16581 24824 17409 13166 12601 21137 24979 20956 1476 1462 29969 21216 2431 14957 6770 3682 28999 23661 12201 18269 7606 3387 17970 10028 14673 6547 21226 32261 1795 24073 4131 27843 29899 24304 17912 23528 18097 6011 27870 25570 28158 17442 24188 2701 24748 11335 2237 31226 1308 12058 22307 5231 1543 6074 18014 2478 8887 31901 22045 20858 20343 11825 19748 12120 14920 30915 926 9107 2005 15777 10165 28034 23721 10107 12385 781 1696 32271 29309 8558 23195 23814 3104 23349 6776 21016 6698 18319 30530 9847 27677 14023 932 22379 10799 4109 10916 569 8605 15479 32398 18250 11073 17221 29741 26761 24679 31593 24129 9997 4573 30279 15662 
9208 13641 1977 14066 18591 15551 3926 19289 31211 3219 26356 6260 6911 876 6763 17223 8986 18586 19612 22722 19135 21674 28082 15091 5140 26679 9896 28281 12937 25859 7692 23612 5561 15686 31234 23387 7061 27973 17291 5990 11711 13095 3847 9934 20020 30980 3577 26009 22318 9536 28171 26714 29257 17687 10578 7009 2788 17784 11218 25135 16330 11799 29253 19245 6162 4798 1560 11165 32579 12003 31415 14288 19644 24448 20490 27545 23123 28447 24127 22275 28221 26676 11979 9023 31790 25008 26283 25568 448 31187 9712 2123 537 29506 122 360 25800 10329 29700 28574 15345 18626 32609 27903 13738 5447 16132 18367 15524 3556 12998 16619 3086 
17953 4324 9047 15030 21407 19015 18137 370 2800 9225 21428 16574 32427 2612 23127 2470 29888 32717 4936 11751 17930 20497 23387 6993 23587 25854 16423 1647 16764 26389 12474 10346 30637 2655 9868 5163 2057 11438 23218 26304 630 10533 23380 22273 24188 1274 5473 26739 29339 22907 9857 17772 30178 8015 2892 1144 16317 16127 32185 23804 14863 2741 6105 3865 14720 1347 3781 723 12313 6758 6613 25203 28174 11340 23058 13353 25818 6741 21998 14070 8337 9495 23859 1737 27506 21412 26938 19433 20412 15887 19805 31122 27588 24876 19374 24547 19523 24472 25066 5368 16628 21497 25256 31059 24415 6279 11990 23424 10223 10188 9062 32504 331 
31399 3909 2631 32227 1943 17805 8298 8137 18230 8187 10619 3779 25092 1443 3728 29854 27494 18914 27872 29637 19951 30613 1063 27666 19677 23688 25676 483 16103 26930 7745 7025 26166 14495 31788 18525 2481 21677 1220 18316 13181 2683 19965 7989 14532 25375 25319 31544 28342 5271 16595 17842 12494 32514 12217 11726 7255 2577 31190 4318 9518 30392 18073 31146 26569 31017 7360 10759 23672 12034 20415 25260 20459 17861 23649 23874 17653 25994 30897 11450 9103 13296 23323 30691 22816 857 31951 16956 19964 599 23398 14087 21546 32609 32200 10910 29546 5323 16461 17930 13942 20725 11298 4306 23945 11970 24047 19729 6686 29259 16310 22987 14330 
15829 6655 3969 22380 29441 16434 19203 7380 13379 23620 6790 31074 6805 7573 16630 28960 29549 20249 910 563 6892 6327 30117 4446 18008 28654 14027 32711 21196 31678 22292 19966 27694 28614 21940 28731 8290 8874 28108 14311 12989 25527 9604 30302 17341 21450 21338 15604 8439 17773 3514 24118 20816 26692 14542 5234 12656 17320 9879 29049 13428 17553 32061 31651 7395 25273 22435 7188 16868 8446 21567 16958 13486 27912 1577 24743 23103 8749 31857 9964 19793 13201 21430 7431 7306 16786 1524 973 14579 7779 27806 7866 10411 1526 10477 19185 20957 3360 26231 1919 29167 3064 11267 21216 5372 1920 11932 452 8581 24199 23268 29459 19555 
15821 2219 17710 2304 8041 3264 28792 18887 22888 7431 27413 9433 32695 15052 14833 12546 7491 5975 4868 12011 2142 9921 29909 21137 22117 21766 22333 16629 12959 4442 22894 5654 7273 9153 4403 1820 20624 218 24442 29910 25087 4091 28175 614 17818 6019 15018 1083 21865 17260 21292 23360 3833 31264 10022 4179 4351 29582 4763 17401 7231 18044 1543 18000 7084 24607 28575 27461 30673 6633 18907 28422 14703 24994 29490 32443 16232 10170 13092 14705 3035 2014 4222 15702 27793 24521 23770 5420 664 18525 6501 6648 27949 9458 6373 7418 7136 15598 762 28130 3058 5013 7331 4417 29954 29219 31237 15166 10472 22552 32104 25226 10978 
17876 18307 32662 16878 5475 31993 19459 2678 21914 1315 5722 19250 23395 9744 32253 4427 32085 8650 11101 22460 11656 14555 22638 15870 26023 13840 15704 4580 6470 26493 13680 12484 8822 10433 12390 983 23703 25228 17343 7138 24942 9054 28806 12310 7288 13713 28991 1077 10365 22169 9245 31223 11111 29579 25973 20908 9301 3804 28273 24098 24556 13163 3081 12233 1773 6338 16943 31509 31501 23705 12106 15908 30209 30108 17382 27041 7896 17263 8874 4328 2445 24558 15498 25963 21725 5561 32062 340 23126 8176 7154 17772 9393 5947 25663 20027 8289 12302 2906 17521 14956 11819 25995 3204 24954 12648 4065 6555 7467 16306 25125 26539 12206 
12370 15628 24799 30096 23663 2224 12862 30673 14548 30529 21384 25661 15604 24568 18016 24569 15147 17997 20656 26717 3655 24938 13898 13825 16455 14303 13771 22043 3683 9111 19653 28168 28236 21003 1821 23848 30900 5301 23985 12527 23825 5576 26686 7993 17054 17694 26242 31454 15011 4466 25757 22151 10231 16847 32445 18880 16323 840 2042 3150 1928 32490 6271 23490 29796 3055 18155 24398 3985 21044 4343 32216 17454 28910 14168 23117 14914 32152 4327 27192 25342 28464 6399 23187 6722 18850 15654 14044 355 7557 11760 1644 30508 12293 14113 21509 20770 24352 25362 21418 14860 5654 27990 6835 22963 26138 18588 7712 10727 5966 15319 27438 7362 
17902 23197 20008 30769 24523 23757 23424 2735 5628 6517 3870 7508 5840 10483 30200 18191 9223 29274 5603 1328 22849 10263 1960 15657 14006 30676 30555 2965 17448 29084 32488 1145 24598 27200 3823 18634 3891 23802 22994 5424 24598 4177 29964 11786 14131 572 9412 19634 5898 24458 1441 29186 14494 2689 2273 16919 2089 29894 30373 19796 23054 20605 27279 27306 27663 23728 32399 1815 1728 20725 6138 3693 21307 11339 2781 20821 14614 27462 1936 3219 22674 26988 1678 30092 29973 29150 9859 28677 25563 17211 12455 20781 21224 2753 14155 21470 31809 6837 689 8736 6491 24581 16417 6127 10964 23341 10041 9022 26721 8279 2437 25915 27912 
8902 80 30933 29583 20340 11449 635 14132 15098 15881 27943 19614 26289 12867 30876 1812 24855 1277 31980 15853 17780 16495 1852 1607 24253 9418 13259 13564 29112 22987 26929 15570 29281 24207 22757 15602 10381 11177 26882 21404 1997 15218 27467 2328 16021 27808 17772 26352 16541 29466 28291 3932 20616 19211 26078 26878 19652 25141 1798 13007 17329 27529 24317 5210 4869 4340 26309 32296 5743 30587 18209 28283 10618 18826 2464 28223 181 15241 23254 23101 7697 16049 16877 19602 25738 22046 29021 14943 3849 16933 5367 6595 3721 30183 16680 9222 4985 2854 26492 2071 18018 10328 29793 8505 29642 3322 31278 1529 12120 14375 3427 867 12857 
23913 13874 22645 30913 7119 6975 17876 25430 11072 18853 17854 24202 29710 15929 64 22151 17614 5138 20393 31152 6760 31817 26942 3717 11882 25341 32303 24775 16290 26010 26826 2525 18667 32347 14831 6263 6727 2318 15044 23409 2094 1304 13993 21498 9510 14520 8559 4853 14740 6544 28100 1439 28114 7777 10226 30067 23169 24086 10442 16203 29473 8196 29914 1479 32479 16752 7143 25330 5037 5201 11415 23843 18328 7000 4205 8994 3158 18222 25594 21388 26911 6397 8018 21369 1727 20017 8894 30811 16872 31104 31664 2346 14284 11559 30204 23230 235 6775 19780 2940 3626 19089 4788 8756 23590 21614 6896 5194 28871 13346 2123 30484 22296 
10081 17722 24708 3414 13122 776 15111 6471 14147 4299 4268 14028 12685 7830 4489 21690 6266 16624 22875 21478 27989 18565 14444 15487 27745 16924 954 23969 32284 13001 12373 2854 19908 25700 15881 28096 10523 22073 13629 6469 3432 9729 15387 23881 1470 1298 1777 1010 16000 3538 10199 29448 29221 3441 403 25420 4921 5592 25017 8715 22436 27612 1559 4338 2351 9656 4431 22564 16196 3514 12998 32394 26101 7484 1469 23658 13889 9174 27582 7228 914 28370 26170 15801 649 1248 13168 20276 27902 18955 12944 20781 10051 8172 21281 30756 19113 22046 5024 16555 14662 32498 21354 2495 7925 31843 31708 10584 925 22860 17592 12095 21175 
17112 6090 18976 31754 13882 22476 736 4537 13983 3720 16944 1920 8033 17980 21603 30523 26238 4674 24444 3752 25416 2800 32652 2669 27998 16574 32059 25181 26586 27302 21156 2807 3276 21457 29286 28719 3304 19567 1271 3442 22395 8679 4156 18148 7844 25136 15703 26604 27584 28286 12481 27378 22566 8482 10392 28263 15893 2731 21818 31494 30186 2642 8210 32602 29590 17813 21682 9345 22608 17185 24610 24623 19591 11509 6776 26614 13851 32197 20137 27076 7884 7580 29855 11693 24307 12742 20876 1258 24688 9197 29309 10786 3555 9346 13618 30441 16927 11359 21293 4743 19419 16810 8969 32250 22955 1020 1037 8510 25135 17346 10241 15819 23690 
10468 12096 27232 23830 11429 19215 31743 27223 27339 23085 56 7725 3583 13228 11435 26445 23414 5118 26569 32497 8657 24659 20186 26319 3906 13347 23876 840 13041 27910 6410 9699 11678 10444 26771 7161 21895 27082 30125 5554 20876 21874 16849 31024 28561 16679 20393 30217 14884 335 1487 27899 4447 11945 11992 32731 19216 21984 14993 24015 7704 17761 9352 8125 23825 28010 9166 18691 17460 1636 2044 16489 24185 29043 26484 21843 17919 1867 745 9532 17327 18757 546 30047 4637 10418 28154 21687 18350 22639 2988 6698 11264 23738 32077 4866 31878 19779 19354 30108 25715 32134 15604 27748 11226 32601 7593 19713 25107 13249 23925 20428 1888 
24074 9801 23431 31184 27927 20554 14668 10596 28406 22301 17603 22385 25271 13410 27800 25925 23679 17278 5932 30221 12248 4766 16267 26615 5195 17657 24223 26771 30769 27221 29859 10367 30150 28620 18137 29251 7807 3536 9600 10362 4254 22381 19969 28467 2819 20174 15721 1174 29509 8963 1819 3275 513 31489 967 21783 2418 29162 27798 21064 2626 10383 13991 24148 2720 4148 17087 31037 25491 21139 13628 4407 30862 31523 2635 5645 3396 17817 14939 23489 11709 13743 722 4211 23722 23589 9982 18819 31734 27910 15694 27642 9117 2861 23746 29734 23233 27911 16032 24709 26363 16027 10345 17381 9711 25799 12811 17096 9507 1484 15448 13 27665 
31501 11191 15565 11386 4115 15129 12164 19710 13013 31535 22129 490 31030 20955 18751 26705 8144 3556 19940 22366 26096 25325 13514 23528 27361 25000 16428 4679 28782 16455 6852 21094 9890 1843 8611 25114 25810 30209 1376 8626 29662 13474 1652 26320 19891 9433 20709 31095 30228 26610 15138 26468 20635 27826 27694 8610 6138 6538 11521 6233 23175 26383 26924 18663 8184 32431 8891 29233 7274 12700 23903 25403 5289 23565 17613 6135 22443 2214 4705 6235 29021 26676 30215 19894 31395 29086 1627 16964 10905 15897 31759 32512 3360 30106 15501 31673 662 24465 30686 21864 27876 27604 24011 16065 11710 18393 11842 24328 23078 21545 10491 4902 18226 
3601 8282 17660 21520 16795 13208 19703 5447 6077 29726 4581 17727 21711 31281 23303 7684 23362 11476 2151 71 18064 16618 9579 2982 12911 13212 2475 3117 586 17402 31744 24860 15601 12261 3037 16618 20624 14380 5347 32395 21214 12277 8367 13295 4502 7007 6903 30155 1835 8549 3029 29851 1976 21766 19554 12008 14901 6562 27015 6342 12785 9896 10512 23714 15420 28270 25858 6458 13924 27744 12591 16621 32740 7773 32519 32309 23767 11614 13233 16754 23731 2393 25691 23529 6451 31845 11470 19468 24981 31006 21573 7932 9734 10315 13439 2892 14171 31166 5907 10504 12033 15484 32004 27381 4919 542 1173 15643 2938 20855 24926 27777 14657 
27767 6816 15416 2283 11599 982 19354 3830 16086 9100 12756 17777 13356 31860 29346 15796 17309 27831 12378 6734 10440 6025 16172 25919 29184 3328 32168 5736 15602 9254 5760 24127 9864 15181 3984 2247 29198 21154 18971 3264 11156 13573 22616 6938 18835 8984 19501 17072 4563 13462 25402 31795 17803 25575 13337 12900 22731 30705 16612 6791 14615 16432 4856 28948 26452 22281 17401 28335 26857 24155 6167 2394 21534 27224 3471 21994 31687 3731 1396 7607 32295 16729 27055 31896 15119 2373 29765 6927 30022 10511 31704 22720 9005 15781 26993 31528 12963 637 15228 13451 17447 12329 14868 5934 8508 10540 16513 18631 29202 26892 16383 2610 30306 
27048 24513 26469 17818 29388 24118 9126 23098 2051 6027 13820 27774 26796 21873 27107 24637 22096 19488 30787 18961 5427 26780 11427 20408 23337 21559 27290 26554 8363 20823 10119 15436 2090 21881 11394 13685 20387 1142 13459 28271 116 28933 15137 6736 20846 18050 3757 7146 28459 16366 31680 21743 7842 4150 9249 28761 28152 8120 22092 11272 26522 17155 31008 26029 31624 20190 24536 28392 4852 11661 6716 27821 523 22863 5400 17900 19475 24619 7918 25969 28086 21740 9448 21257 8605 20843 15376 26598 21313 28172 19139 8772 13310 21131 26211 23629 9834 17401 14669 27194 29668 21505 1291 25532 112 5488 5322 7322 28866 31221 13326 4251 30360 
15652 32164 18086 14157 193 5849 28456 171 32316 10985 16822 16386 29048 15034 24052 28534 8400 5322 13237 28061 9820 2406 13923 29514 24176 12062 24482 7075 8038 19317 17712 12922 7838 13277 17935 15578 9922 15074 4839 28639 847 32165 5542 2507 17745 9612 31849 16727 17774 29240 27551 16199 1829 8119 7019 22081 24920 31995 25675 27871 4104 18059 32504 19971 4961 6521 31629 21355 32758 4756 13290 7813 9293 28126 15707 21380 10142 14913 7541 2739 1496 30077 17985 27657 3301 9317 7581 10494 16175 15179 5086 18590 16227 27321 3514 31196 10613 9314 9574 24616 31972 27735 1787 3652 31807 19070 27678 9043 9704 28737 31456 15923 10776 
26243 3043 15116 547 22488 7103 28457 3325 19189 27555 22279 21757 24933 5440 27308 25314 28286 5602 3130 16916 31380 5344 17604 6700 1644 26935 17248 437 8947 8818 21118 28212 12592 6349 14200 25959 24184 18585 12394 21451 12513 31970 1091 11360 14329 3408 22812 13744 13751 13131 17609 10254 21425 14946 19374 284 14480 4078 16852 12432 4545 30194 16957 567 25966 23878 12404 26938 16557 10997 30823 4256 5623 27875 121 21780 24539 16819 468 3048 23539 30695 15100 15195 29208 10313 12458 10263 7122 20362 28887 23550 24594 11050 3095 2598 14116 23959 14632 29730 27359 7577 22219 13444 18207 29933 16338 4767 11893 21041 9595 17298 26396 
29184 25596 15490 13359 25437 1375 31270 3866 11093 26256 24969 5455 19424 12981 7691 32314 12809 10429 8361 11638 20302 24380 9343 13633 25162 31350 23691 23853 12945 2233 11956 281 17372 30961 8203 23648 17510 24438 22096 5456 14997 32040 21176 7390 13789 15550 18925 13975 1762 6747 15703 15578 17116 10594 14746 30021 5696 11404 24160 2413 10909 29752 4952 30674 9155 30466 3711 4370 30763 22678 3998 21852 10387 21191 29971 17960 6889 13531 3541 37 7274 27945 19635 12659 20235 20711 16604 16403 1560 5693 30628 13468 22043 13469 11141 15663 23551 8023 25700 23724 32629 3688 27926 6694 13463 18835 16931 17557 203 10676 24010 7883 18155 
17488 1349 1962 7843 30064 31566 29331 15130 15280 15329 17441 9428 6803 9540 26392 19159 30489 12869 11672 12044 8852 10691 21143 12777 1975 26479 12174 16717 11760 8660 31345 28331 1784 20885 8165 12395 15016 7670 3502 21133 25870 29342 358 23184 31424 8860 12149 25234 18288 15527 22077 12216 15041 29866 4501 2000 30553 18048 633 2613 22583 13819 7935 4083 24647 20524 16013 22316 18484 20958 13898 32187 7806 5988 6610 3862 11724 14741 29742 10617 7555 31764 3331 32321 151 28885 3593 12694 18082 29916 7359 23884 17203 27208 15454 15115 16232 21393 3083 14766 18879 13326 13648 490 14377 22970 7885 11824 4192 29751 14123 14804 19067 
7443 27730 27502 8640 13643 8924 16001 26553 15373 16841 4186 3466 706 9844 5179 22401 25164 5317 21177 28399 21900 30633 14435 17974 7464 1471 30628 804 20619 7765 16875 25471 45 29330 7176 20449 19732 20212 20954 4294 6555 6398 19751 23012 14194 21802 21451 8123 14054 18725 28949 27500 15202 3643 3694 8398 31030 10256 32571 27327 16536 29586 1029 16824 14824 555 2263 16549 14137 13627 8936 15347 16140 11717 4474 20202 13406 25705 17922 21309 16358 32146 14217 30431 24216 11760 1362 25625 14701 17193 11453 12250 10854 9419 22123 590 4815 24966 32419 11697 26305 7320 31989 10086 4586 28552 12061 5955 6544 5143 19242 28976 8148 
27252 7391 19696 11316 12207 12889 28734 23892 30832 15346 16156 26622 17385 9062 1640 1895 15113 7732 21680 17076 28658 16199 21831 11196 12718 19414 24984 31504 18461 22409 15547 11577 11314 27613 11590 1344 4191 16073 26982 6260 19790 15522 2350 18279 1746 26940 29486 18490 7453 23634 30536 9754 15923 23847 3007 23051 11167 24942 24721 24804 2148 29543 15623 29339 17206 17228 23434 16067 28906 26603 14264 21075 11052 4756 695 2729 18288 14901 12745 14799 31275 452 23329 24572 14914 24029 21750 7774 30914 15789 19157 18198 211 15118 15675 11909 5095 5619 8035 8646 5687 32519 1885 9851 24432 30097 9312 26573 937 15515 28513 29870 10393 
11091 18916 13153 15111 23729 32531 11837 6273 602 23309 7598 337 24261 19584 21372 26285 10908 17530 27472 26926 26981 18556 25716 7044 29025 27345 2266 23911 10932 7453 17760 25296 18887 4409 22354 15210 2283 7230 29488 28227 9535 20448 18610 32200 8915 15870 2058 26608 7181 6774 19561 30391 8268 12094 4036 29902 26060 22193 3032 6801 21194 28710 11372 18233 8680 711 30422 23123 9682 673 2752 16753 28706 27639 8236 3615 24449 10460 9910 10264 22799 29953 27161 28602 12550 13259 24565 25784 1690 27816 720 9487 5923 24996 24154 22587 19581 29751 12533 23210 2735 19553 18036 15729 204 30201 28707 28222 279 26691 15880 7053 9322 
11200 23913 10527 15577 4682 16527 18600 23442 13664 29641 2761 28167 11966 17331 31805 13904 16176 6327 9047 8906 22441 11221 29100 18693 14479 30880 32269 2013 7002 4233 6840 5350 6749 13152 7118 30990 19171 20760 25096 16509 15742 22731 32166 25024 22684 30973 32169 8231 16731 13605 16194 28011 18079 29802 20874 3732 609 28074 16755 2074 9546 5312 25087 5451 8320 27911 25776 12012 8640 25882 22079 25891 5549 8158 21393 4245 9319 20163 2790 7883 23648 326 23892 32218 32619 3515 13428 27459 9750 30537 24667 10776 11578 30006 4555 25696 8656 32612 17579 15293 7942 1052 11957 19788 21139 11019 1647 11469 6983 18826 13916 6916 30182 
27683 20595 31582 11318 6480 21968 19672 31319 12677 9898 10781 7763 4209 11909 5358 1526 21378 8360 4295 3808 27047 22738 20672 3288 20569 13353 31921 2659 8668 30323 20889 30613 22722 3976 8513 15144 27826 21767 29980 22987 11367 1097 22642 10172 30971 8339 3517 14489 18022 400 13140 372 1346 9726 6982 24869 22993 7847 23177 740 17472 9619 21332 20247 7725 13692 16073 24168 4456 13698 31191 8987 27638 3360 6495 15518 30044 13407 2453 10594 10522 5193 15530 19178 31349 19361 11432 28706 1401 11217 13469 23025 20799 548 1275 28177 1900 309 14143 3103 17658 24232 17617 14574 26683 30999 25899 5153 26 6735 5950 19449 16549 
10685 23057 875 8392 25379 22700 24182 1371 25999 3380 10419 7520 11918 8023 18990 21381 21917 491 32372 30961 7136 5073 493 3388 9239 18464 10604 18367 26317 6527 6149 17935 14034 19667 1823 964 27116 18203 21705 32639 31178 31383 19538 12587 12601 12080 23827 13698 14747 10772 13200 21203 7316 30881 26816 15107 3590 25220 15272 11987 4672 18210 2351 26208 21618 27191 30253 25328 16740 29628 32709 3563 14952 9999 26101 18728 29838 5454 9323 21610 22550 20227 28058 11307 29739 22791 23566 17816 23246 26784 19964 19420 30992 10989 7966 17057 16260 7044 13501 12756 12020 11865 4112 16041 7507 20706 23236 21984 18163 1656 8668 19270 32760 
9217 12987 4734 6669 28364 20095 29953 21077 8892 10129 26980 23460 9129 23930 28634 22768 24067 27385 6137 23554 6840 14930 5057 15473 19032 21480 31706 23249 2936 23310 10525 9256 28756 19739 18262 27041 18360 14012 1352 24709 27936 21391 1522 24166 25630 19437 30481 9630 17148 1287 28902 22008 12450 14132 825 21932 31163 16009 5022 18065 276 22955 28919 23438 3908 19169 16442 8785 17810 3949 9845 5444 14355 8477 21519 2493 29459 30237 21840 20086 28598 13071 19491 3644 15327 17245 30491 19179 22865 19406 10677 1177 6165 11096 6621 24850 28699 32310 9907 26501 7716 22330 31886 9340 2014 9059 14913 18961 11089 27570 31646 8287 7547 
26938 27961 23096 23607 8055 19823 8726 30564 28896 32422 29523 21826 25023 3797 5020 5663 32065 22600 16547 23348 4297 8093 26132 29898 12682 21267 28619 15265 16469 20228 3140 6545 24495 19375 29522 1394 4135 22587 1300 30266 26343 1785 21797 4453 4744 12010 30228 6298 8747 26241 6420 23179 17093 7081 22004 11037 26298 27914 12113 9929 2990 10376 9994 17729 4759 4877 30452 32599 24087 23945 16847 3099 11018 27447 20601 31044 22363 19745 12130 8914 2843 5862 16448 19953 30676 28859 5124 27423 8730 2736 8460 17297 26980 21813 10650 5587 16922 8924 26245 26032 21999 5984 18990 849 32369 2023 28598 3497 19934 12420 2670 29712 6714 
25344 27023 15149 16030 4826 25644 2330 1747 25228 16740 15555 31008 5648 28892 5263 29279 3747 10093 10307 18518 13257 13337 14883 26181 28049 8516 9050 6076 5146 30240 24475 30127 30806 11370 31753 10700 27150 11860 27988 31756 24358 28866 4389 24201 8227 32184 24253 27535 7658 787 2777 2549 21706 14712 8920 11182 24765 14219 25375 23195 9963 1377 19645 1955 14448 1079 15947 20486 21087 32356 5142 11502 7943 29580 4993 16712 7285 29975 9636 14801 19514 9953 9529 29556 4206 14387 17337 23507 23028 26867 18882 16420 3072 28439 14012 32318 14551 20575 956 19443 7126 1092 3496 2209 29878 29228 27293 19716 10254 8159 11917 11598 18713 
9278 25389 24954 28858 12851 14094 18397 1469 20452 10249 30206 23136 3628 11489 19367 17170 21579 8740 15420 2682 5084 32338 16972 26299 30984 4417 12646 21495 27386 21184 23086 30738 28818 1147 13487 29624 19806 11039 1267 17569 27334 8894 11729 7443 24966 21108 9735 21673 14178 17227 17289 22100 9492 7772 20760 12191 30858 22071 8725 9527 26446 32645 6296 28842 25926 7404 20925 2927 21405 25139 27710 11047 7169 12967 7495 21282 3087 24253 1925 7973 1291 25848 2177 11114 21461 14861 28716 15849 17688 23622 22202 5334 18885 13860 1204 32363 16320 5192 8521 7655 13017 12947 6886 471 10749 9357 32262 28564 21677 7427 11850 2061 11440 
22773 13772 10694 24581 12719 7857 13345 5916 6709 2813 4061 27462 3044 32427 8412 8553 9815 4094 1321 31992 1672 29202 17721 16162 6455 3510 22897 9802 27792 7294 10473 440 17672 31251 25968 11662 31112 8142 26832 2813 23245 32389 30547 18616 10767 10917 2949 4009 25312 3713 3900 26596 23640 5866 9686 27097 1391 3584 27586 4045 16554 6215 20290 15243 8954 2046 26222 17494 6625 31404 26237 8483 15574 29947 8256 773 19947 28873 9711 29673 11693 4477 32296 19843 17995 29335 2101 7304 12795 17548 30094 17438 8346 11216 31902 30097 16530 5684 10442 20551 12033 31346 27568 15862 13080 13830 21420 24340 18625 32064 2977 7055 16004 
4504 2038 11199 27307 12865 1246 11673 15268 31489 14813 6693 10152 9535 26248 12082 16282 24414 7308 8520 26930 11849 27377 10718 1114 3407 20128 17869 32728 16434 3107 14341 8494 2938 22189 9342 958 18191 26714 22386 4914 32519 28599 3274 1307 5821 30341 19414 5592 8739 9658 11072 3258 26969 2761 4419 19302 19070 16931 17432 27770 28102 11006 24241 13683 32716 2133 32170 24526 26154 13104 14461 32109 8776 16933 15093 31805 22129 18975 4837 3350 8492 7262 1561 29154 17097 9663 1165 30466 16698 21310 2781 7149 32292 8121 2301 12058 29494 12023 8490 24865 2234 6632 21280 4893 14953 20526 26510 25684 32388 13021 12231 17178 8992 
19583 28090 1266 5570 19036 30756 18935 18731 6904 28420 12154 11637 21980 5200 5613 28255 20633 7398 32255 27622 1291 3525 16649 8469 11483 31101 10409 27933 13895 12772 10668 29352 30246 16907 17970 363 15142 17520 23308 15866 9817 26997 23657 31713 27888 16913 17842 32240 26438 8902 16562 4310 4384 13011 18426 13298 24371 31658 18564 17509 3558 3236 1686 24172 19802 1780 18921 26861 28327 9690 5387 32591 30313 5913 27650 11663 14460 14250 28210 12944 24835 2226 18305 15539 3759 28850 15544 21672 25150 7421 22316 27268 10049 6000 29599 14611 31267 25693 14433 29551 3943 15560 14010 28881 49 14550 15245 19112 16392 32386 4917 8424 8154 
18578 17587 30885 576 22985 2059 26848 9476 12383 31723 2465 9185 3502 24206 22854 6281 9774 19936 3098 31725 3491 21219 31273 11448 13205 15441 8019 16156 1025 3203 24992 31186 78 32401 4563 9308 25730 26299 23106 2702 11446 29191 4068 22860 3784 2348 6572 14485 15439 23215 25109 18113 212 20556 1791 22790 4159 29591 15289 9537 6543 1507 4447 14579 29134 20323 6502 24970 27460 27023 5749 27107 11500 2249 12150 20748 7716 2369 22766 24142 15016 17174 26761 13931 25281 27070 1786 22052 31674 31399 29697 5630 29844 32542 20685 6982 763 9585 25733 23123 11384 30032 3874 3595 28647 9081 24191 18601 9004 18581 31155 445 22818 
32604 22174 17779 25556 11776 28098 26905 18160 32457 24660 26844 11896 19452 17555 21202 15803 770 3161 25406 19076 17094 14832 13839 22673 14687 22310 12713 26950 1263 25252 3816 29603 7115 10107 8802 6260 32732 13056 19181 26311 16709 23770 10594 17571 5189 5465 1440 20471 32351 28170 1235 19409 24249 4232 5366 28112 21955 6036 12694 8156 20504 32360 26073 2580 14505 6729 12224 30984 5656 21084 10409 29737 5986 2490 5912 6270 21441 28614 19894 2968 16849 10943 31642 6855 10737 4241 20936 23182 6124 25073 8695 23125 4057 15272 23192 16478 2623 12847 1043 25082 31613 19325 9044 11261 27241 19229 9606 28527 23096 1155 14622 26244 2974 
10144 14364 1486 22837 15284 1933 28082 13091 15460 4181 4121 32248 3340 13611 24167 22741 13910 27109 5041 3795 8716 20470 28459 14242 18730 31797 29407 19313 2104 18912 31397 11790 3542 24288 16207 30031 6041 17742 6692 28336 28949 15927 7312 10301 26939 12700 20505 179 12774 24509 12949 738 23984 14232 17050 4181 28682 30380 12343 7989 13196 30210 1505 3947 19081 18542 23984 23301 11751 3603 30412 9691 3629 8485 16162 28786 19166 32755 9563 29216 29702 6180 18190 24177 2578 22336 20276 6602 28644 9331 6365 8524 17191 10126 27170 10747 3808 335 23387 15136 3142 22754 16018 18412 26068 25255 6967 3165 12444 17462 4628 12646 4062 
31137 15748 31818 14041 8185 25056 3401 15585 18707 571 29054 30642 15499 11599 3080 20484 18954 5814 6760 17504 4293 20574 22570 3633 24646 14391 1480 7454 5743 28206 22219 23703 7868 26207 2867 30638 30408 27526 14361 3881 23571 9655 915 5589 1794 31056 22488 18205 5927 21035 20900 27610 5315 12056 28126 24941 11145 394 14969 5900 677 13712 3736 30041 22013 30215 3573 25657 13495 271 31619 25315 2299 8379 8018 26167 19706 7181 17331 29010 4399 13345 3486 7263 14308 424 13392 32175 2553 18072 23608 10509 2273 2082 6420 14667 8685 1253 23384 6177 9933 23393 19663 30776 12116 29870 24708 13697 18555 1901 6627 4043 5289 
18176 20252 29589 16689 4854 27336 17696 29980 15049 28879 25033 7466 10700 19081 19350 14611 3935 7715 13071 3602 22373 13637 21327 25252 1784 14065 21594 10126 20827 14511 10161 12829 31023 27367 4900 27569 20970 25742 24040 6781 30086 20996 21481 10120 630 2877 4961 1527 30174 21792 22698 8079 30211 21036 15441 27254 8449 26209 5995 3129 13244 4702 556 11795 7448 2503 8373 26221 20845 2281 12846 23457 29237 11681 5653 1027 7688 22393 15317 10018 31947 21269 12443 1099 23588 21710 16229 16975 28720 1692 22364 3206 3193 11577 11363 276 26914 10371 17904 21611 18533 21283 28698 19986 4160 1388 17140 676 11370 16261 13338 28443 19596 
16075 26249 22862 21166 625 11444 6585 1519 873 28884 12925 23930 9096 30591 22439 30645 6117 12412 19637 4540 21122 2518 15191 4877 12078 31023 26482 389 26537 12119 25706 29067 4874 10781 12193 18059 13406 6245 21563 22438 7314 17531 31781 19623 9107 30887 4693 18233 31923 4610 23123 11352 10831 13703 8440 8710 21678 23405 27253 5439 2093 9397 16792 23598 7833 12031 3147 18593 22493 23201 2398 16059 26077 14074 23430 9192 28577 2308 17829 14870 20406 8233 31819 15139 4561 27992 12413 18577 29622 4183 14262 897 27992 20315 29996 24799 1090 11478 26708 3546 28213 3984 1192 30871 18195 12537 13992 20774 24059 17854 14879 5813 23990 
5274 9639 1283 21586 28527 20335 30232 24076 17045 28476 3124 30580 11889 8622 14341 15051 24394 12485 28444 3248 5977 17827 9890 31740 7967 26516 26183 22762 4092 27723 1916 18299 11516 15727 29922 20760 15860 5974 32258 14713 8398 9488 4926 6855 1313 7591 32263 3325 1541 18085 26961 23700 5669 32727 20036 5215 29205 15441 6453 24244 3302 3250 6868 460 11000 7849 6567 31596 7952 21944 6071 32709 23978 24888 8329 24474 23185 29598 13135 6560 25772 32508 7520 6954 29723 6859 22758 29701 7811 30439 17366 417 9637 32731 17190 21874 21558 6239 9786 23190 7402 3103 24223 32440 12243 8126 24571 25140 31209 25115 15428 21372 17130 
8915 20529 6586 23908 12807 5102 21175 7439 19807 25620 26619 1889 24142 22232 24374 29277 28056 29059 2526 1452 28690 21026 22554 20974 20649 8574 21215 29266 23462 24910 344 27748 28465 27308 15756 16935 5395 12486 15419 27236 27072 7126 19464 9025 29844 4180 4062 21269 21853 30313 14476 27515 27418 21928 434 678 22530 22777 30177 5876 1736 20181 15870 12485 5406 31161 32743 22157 18296 17620 4185 1832 27154 12547 31762 11886 17204 3584 11314 18440 31413 21463 10727 9346 6846 12441 17737 1184 3536 7763 9091 32502 15880 5441 30772 25523 14754 11840 28181 4798 189 18818 731 30724 24669 3461 23135 8720 32438 21062 19708 9948 31912 
19634 13624 19174 20614 3677 16551 7815 15899 11638 18445 1408 4079 10491 29379 23766 30150 23849 10588 13025 11370 7223 7047 17823 21162 16195 23863 15182 4003 17293 24322 18745 28222 18403 17863 15570 4602 32348 26004 6913 10476 26185 25543 18876 16132 25193 17523 30680 22161 32604 26373 14110 27143 32346 13863 31906 15104 30757 3812 31568 4738 11324 8973 3272 22144 20562 23260 7276 6307 29694 31192 18614 586 19636 2808 11984 16847 32244 22539 5214 23820 12737 28759 25502 3357 5461 641 11700 1896 3603 3501 10047 22491 15037 11749 21296 12405 5351 1983 20444 21000 18092 5946 31312 29245 2207 26090 23524 17112 7172 27733 5651 32317 13633 
8860 16521 7475 27279 1118 28030 6633 31477 3033 18499 25655 375 26706 538 27429 26763 29623 331 24497 12748 11140 1652 5325 26098 12515 15393 8360 16642 5143 25756 9006 28354 28442 6663 21970 27504 4997 21671 18571 23731 20401 11139 28700 30418 3868 814 27033 16932 23054 7905 5927 21704 30844 18380 31235 21653 15404 32430 28102 21844 13850 27556 10471 26413 23323 62 9857 26976 23488 32728 23894 30006 13181 25128 26645 30006 13066 17427 728 15515 2570 23237 497 13062 5099 7424 9702 26737 27661 5812 28858 9572 3366 6865 24686 19307 32741 18265 13000 6599 23765 4025 5715 10852 9605 16729 27815 15115 14566 13938 490 5849 26356 
11040 23959 13296 26520 26808 4222 22892 14541 15195 9229 24985 10243 26059 3789 27747 2752 1918 21039 5645 27277 10481 9609 1574 10256 25151 21084 27321 22902 20466 9688 13253 26644 18969 7074 8940 12621 4507 9684 879 11958 26570 13894 7770 27000 17467 27916 16124 15606 7382 4159 23450 11440 29737 12545 13925 20839 8705 8635 2728 8579 2620 8617 6726 6321 13785 24985 12132 720 593 17903 26211 28174 23338 2541 21521 2126 12745 10289 23584 27598 10120 11391 19415 7942 7688 21185 3335 19411 8649 5964 1345 29140 25335 7269 30022 6164 12423 2308 27839 16874 10627 17624 9774 11038 6306 13706 24357 3917 11804 24902 182 143 3004 
6776 11306 4438 22327 6355 32757 21914 18108 9112 10474 32563 23500 12565 5036 6534 16460 8044 21093 10339 31193 27285 2746 11822 26459 934 32766 23869 15581 11602 3493 30850 29084 432 9724 10090 21597 1342 10520 16644 14852 27430 10252 21094 31331 28352 26720 25677 12112 26199 15294 17411 27130 29488 32749 21382 21117 29384 23300 9446 26035 5470 2007 25839 17741 15793 18102 22792 20003 3595 18007 29787 26825 18046 6416 18486 18531 22638 2633 21425 3002 21328 26674 30354 29839 3760 5553 2925 10543 13689 30879 27920 13383 5745 6195 27422 14074 24067 32702 29177 305 7489 14745 27109 1074 16937 30300 4459 21365 25895 13393 22268 10162 4060 
31529 30167 6207 24862 32749 23085 32409 12864 17719 4226 14401 8595 2977 17494 15049 9772 9854 4613 11822 4328 2248 12268 360 7854 7770 13005 11584 32756 17759 29044 6498 31109 31755 19355 22451 641 5769 22540 10724 933 4404 15877 1352 7116 21257 15840 2274 3510 29788 11507 6595 15113 24011 26806 6547 20629 21361 1315 27501 2012 16476 14947 15088 8658 22080 21926 14738 32481 21868 12627 17976 30768 4350 30817 13060 24101 851 14596 7534 16425 1730 2701 3223 25003 1674 19083 18905 103 15368 13623 10147 20456 19502 23823 10884 20043 22832 17856 18565 22087 23680 9801 12988 4714 23805 5726 23838 13733 21864 11018 14485 7435 24343 
18073 21331 16086 29933 8117 21349 2731 25225 17359 32651 7967 13246 6337 19015 30841 14403 8625 4916 31929 28588 2872 4761 2266 29081 17091 9022 25429 9774 7482 24190 14310 25283 20704 16030 146 16092 18043 15197 32745 13659 1460 5324 12425 26100 16576 16480 19939 2786 17216 11334 23106 30424 18534 19702 17929 12091 31834 10507 7227 30350 11484 22354 22593 23342 27946 8993 18664 7743 12580 19178 9386 1766 9134 3343 13102 30136 15446 30456 12306 19571 22583 10852 19175 32236 23068 3324 26749 23113 5609 5678 2401 27504 2871 12088 31141 30144 13119 22915 11743 28926 26105 3891 29044 3474 6789 4604 18967 6643 1737 7223 13452 23648 25180 
10293 7858 13521 20642 16851 17088 6957 13881 5710 18383 19901 32148 13913 19353 17377 3814 15981 14720 14593 32578 22881 4818 25543 15104 20794 3147 11659 12130 8772 9435 32271 14200 17506 6570 28525 20544 7842 23386 32333 22546 22804 26764 2651 23867 221 12709 15097 16361 12935 27090 7216 11079 16027 26953 2029 10728 31858 1234 12138 22889 16200 32390 22762 338 8594 29655 9641 4414 6801 27857 29715 19004 4648 28832 12852 6004 26347 17233 13424 23054 6776 12509 25716 11343 6154 2403 23660 24581 18763 12981 17014 15398 28010 29462 30807 15796 26222 22850 29550 24547 28874 26031 20710 12158 31025 22803 31279 11655 1195 19494 28078 17694 24297 
29865 32691 22691 725 15271 10156 10783 29038 2299 11673 8928 27347 26642 19392 15972 15773 27122 6306 7289 8306 26747 19757 32417 18904 3821 15155 13499 14918 19371 2075 15584 27777 3903 32727 6796 24614 31901 5142 10494 12930 28332 23482 27873 14762 30466 9868 10539 21960 14831 31022 15174 27828 19390 1362 622 17348 29495 29226 22106 11236 30057 2335 20766 13289 20134 6854 28752 21794 31950 12304 20841 20016 16081 23489 3439 8216 28015 16419 30673 24983 20802 7419 17555 23734 6655 31164 22954 10909 23289 16379 20394 16812 12518 23075 26014 10696 29926 10858 27703 19187 8385 28163 27690 2592 18544 24725 3027 10309 19680 13293 30750 6065 11250 
12272 21671 15264 4550 3795 30496 17933 3897 27022 29172 10183 6572 18573 12841 18119 14344 11433 13451 28353 254 9304 5639 12281 20116 16672 853 8280 19165 338 19418 12991 14855 500 7116 6299 9628 3327 8599 25018 19713 22475 8831 20061 32579 1479 17031 1934 16914 17261 914 12723 27150 3445 16329 3428 2114 30793 9020 6778 20718 3002 26828 29032 24458 1777 24136 18127 31751 8360 29654 19788 17752 6042 23189 27029 25905 10039 30336 27844 12559 13469 10134 18674 23672 18372 11832 29704 8324 9464 11986 27858 31900 6797 6333 5717 29826 22222 29796 23907 28561 23094 23718 23660 7495 23011 10108 29079 768 9799 476 31505 5892 27169 
733 11685 3268 21931 31259 14734 13921 2581 32093 12681 8046 22835 31093 26670 17655 11635 19048 14207 3778 11793 7887 26306 28116 29582 10877 8844 17463 24670 27746 15135 31227 29153 2991 7413 25467 7572 4155 14237 23778 3721 31270 18118 16109 22292 31932 12698 4338 27336 24732 29773 7201 29857 20761 18421 17418 23939 6368 31900 18527 5859 4571 14739 21499 32196 19542 6154 32036 27110 12641 19422 6925 15674 9333 20146 5279 1944 26714 16705 3193 4788 19271 30450 3638 27215 24140 24494 8430 13482 15341 17390 25343 28480 8720 1816 4877 25524 25369 25611 10823 26889 29267 22520 27628 17681 3986 12149 3598 16936 22038 27084 24471 19746 12979 
26265 3977 12161 1327 4500 31114 14827 28908 171 7071 29404 8390 14420 6456 7577 575 2593 28525 11621 15322 16788 16007 30966 25284 4918 19650 16938 13241 483 9809 26103 21286 11880 32419 18592 22667 17744 14053 21039 10532 32506 11720 3871 26056 26095 15492 18777 28689 22387 1309 11618 19133 29274 30180 20434 22868 26653 9794 9992 17163 25645 28849 19740 31977 32135 28171 7701 16168 26249 13831 1628 27102 20228 2304 5489 7389 11410 18169 10461 1751 23850 22495 17256 12230 22513 26893 25739 17034 24659 9238 29736 6612 28499 17086 5753 5188 18207 9289 31815 29646 25832 18425 860 19554 17648 20690 15162 17868 11493 30368 8717 13529 28781 
2107 11743 20411 25602 25354 30219 430 29184 966 4340 8668 1532 5248 31222 4478 16984 7142 5021 1349 13332 12738 6677 32248 30951 23747 6626 13406 2959 32128 16081 31838 10853 27322 3887 25445 3124 8929 26424 3592 22347 14042 18642 6379 3793 20992 21372 225 27225 873 30849 22100 19382 11370 16241 16360 18193 14429 11985 4187 28985 417 11538 29616 26681 2019 28096 30604 18992 23452 16124 29408 3677 25307 19244 4296 29818 23365 8945 691 32331 15706 9050 7621 10102 25850 3159 26489 20373 8999 23408 21899 2698 7436 16054 17685 19218 7230 13306 27896 7070 13379 10302 20349 22878 24913 11113 28476 9630 1111 3135 19261 341 24642 
28815 26206 18171 31865 15790 24052 30364 4265 25893 21429 2091 24008 27047 11990 14360 6228 12358 30832 548 18396 29158 22312 15989 16322 24817 28175 5349 5439 22348 8903 15008 13991 8330 3816 11758 2031 13408 8353 25677 10348 30041 11939 7875 17885 18379 826 22642 8364 5386 8893 877 9585 3803 20777 1994 16312 18220 6921 14585 18948 28674 26009 13652 16148 22450 18986 25590 4196 30036 16584 1233 17911 6517 24091 1787 19284 5900 10379 6473 3535 30895 18599 10527 20489 5639 6344 17286 22202 7554 22513 3199 21166 26183 1018 16536 11278 7791 7918 29884 4833 10610 25521 2127 30930 17119 11750 32123 22580 14673 6415 11204 27715 21918 
6902 227 16045 16977 7501 17361 11857 1883 23185 3618 21318 28165 564 28564 25631 24873 26618 28648 109 7586 17060 25328 1158 18177 15820 17130 19077 13441 25360 1292 31890 2622 7794 7264 23652 29345 25087 7890 9219 3103 11439 16520 25555 24355 30861 6513 462 28744 21527 26913 15889 17100 10984 19676 24730 24386 404 7152 29776 12934 10452 24136 13123 22774 11235 4415 2102 10719 32295 11954 18779 5942 11284 10841 4189 13705 4942 22871 21411 52 26125 30735 9428 11736 32198 16954 14486 10505 16648 20790 7068 327 8356 13473 14559 26672 28688 31015 5419 3827 7437 4504 25566 30728 2696 22078 22765 4383 4798 3693 23591 10582 29860 
14427 446 6062 12422 818 27651 9664 6126 12132 31345 4780 5319 18751 27117 16979 27586 29121 19020 27846 32249 10669 27926 25085 19923 21214 12681 13773 19239 23516 20961 26644 10916 18861 5591 23863 19568 5102 3688 15054 30223 1826 16087 31901 25479 8521 22261 21959 29633 7349 25248 12862 29747 7449 4746 27774 20412 13027 572 2939 9423 10443 8026 7383 1748 20396 5672 32601 28363 15507 26445 12699 7987 11542 2775 30978 32554 1512 17536 29939 12501 8106 3375 29252 26370 22019 13762 4849 15884 3314 9995 7697 7167 8291 25368 3080 23549 29185 11192 8957 18657 2380 29242 14223 11041 31211 29816 26051 28153 1091 11029 22081 8134 9288 
27906 25537 20912 659 27719 13504 6795 31670 28672 7543 16639 12748 28581 24077 20711 23636 29583 4364 8184 19007 24248 24082 1443 19015 1475 17609 19004 28035 14140 5144 4443 22584 6432 24987 17283 5363 32672 5457 15105 7636 8482 23957 14359 4141 19337 8016 24666 15948 32438 13932 19801 5012 4174 6796 28287 32467 15550 15354 16955 22223 18813 11488 10845 27938 7313 27324 24516 17224 27989 23566 18742 5623 29305 22099 14735 12974 12618 16439 22814 19345 21044 9223 15948 15732 7813 18021 31102 31798 2931 5439 6205 6480 30305 770 25493 6317 30302 8714 23994 1981 26351 5214 17138 2757 4110 9114 4526 21625 3954 5420 24058 15308 26385 
3779 29720 25607 21732 7941 3688 11032 22506 16001 8844 21037 1647 23780 2504 5250 6542 20079 2223 8311 20981 11688 31228 9958 6632 1360 8382 29875 2185 22166 26040 19109 10838 20362 1031 26484 13043 17876 26885 30755 31786 18854 19310 25231 30256 25839 15809 7753 27945 23250 16361 4001 18415 31574 5149 6403 9231 24415 23301 22151 29461 8413 15134 14275 32010 25411 5983 27620 27706 16443 6429 21501 17979 27799 4396 28574 30250 10635 29767 30633 19512 22042 30385 7009 5733 13519 2845 5060 13964 14765 18636 283 22944 29800 31989 18127 13365 27350 27497 22910 26690 30624 631 13134 30757 317 1549 25217 27367 7457 30241 26186 1474 29489 
13391 19935 16096 30075 11460 19920 19814 16420 1626 16279 31409 13729 7684 16240 6367 11050 20845 23659 17042 14700 23772 3775 18416 1407 20571 26721 27887 5655 24600 13269 23759 2302 5131 30021 30440 15554 6873 464 22693 17067 17401 8484 18641 11503 25877 27983 26641 3369 11955 25810 19122 14088 13332 25335 24485 6980 10844 29285 18632 20183 8948 11762 2152 4713 17709 9144 10243 28172 19238 28267 15442 13609 17903 30954 27270 1722 27886 8211 21203 7610 31874 9948 1067 1498 26599 12447 23884 2166 25178 13750 32508 26055 893 9800 13203 11866 2812 12130 28603 20673 1905 22090 20596 12168 25733 24080 14939 21355 9304 11109 32299 3525 18468 
6832 9860 8012 11293 31839 21227 14076 23195 11131 17427 23889 6778 29312 32090 8121 15553 12907 8087 4169 28035 20 24851 28079 3075 11198 18133 1896 19995 26349 803 12851 13023 31864 7493 24773 2173 20190 18060 13502 2408 4317 147 7132 21685 27713 30917 19822 17861 2811 15647 15372 28452 13938 11831 20358 15537 286 21118 31514 255 11858 28354 1002 29180 19545 2039 2989 22736 13509 12854 13220 30984 26372 20742 27599 29428 28980 11483 16994 9549 23352 476 18291 21019 18444 27625 22773 2774 16725 21469 27369 10188 24893 16912 8147 20162 20093 14881 17771 19678 16059 1010 2454 18373 29463 1523 31636 2560 25345 5284 11643 28324 2381 
23381 2532 12338 1929 16944 12772 7868 5006 30074 30526 329 25429 29206 18134 9851 2828 15179 5993 26735 361 7623 12412 10213 15935 9187 23954 673 10063 7976 24994 18705 16224 27410 16072 30511 19346 19733 9787 13481 25327 5598 9343 8255 7235 26587 24028 27245 20013 18173 28430 843 5495 21949 17982 24497 5539 25437 2097 6558 10182 12144 21952 28635 27546 1692 1416 26843 28366 7327 9698 7398 24224 18320 23318 27511 30638 103 28107 8162 10249 19648 7618 18745 6028 30172 3268 18801 2668 12521 21977 24513 21007 7299 9403 12875 16418 14202 24970 6910 20454 13526 17601 15291 31178 20760 26473 7606 25919 3267 9101 24608 27848 28699 
22765 14851 10320 15405 27126 21357 29121 11535 1266 14800 6098 12649 3453 29609 13089 15156 14904 30560 20865 3522 15041 2415 27541 11519 31202 17863 22686 20982 20488 22639 13457 2199 14839 10607 27757 23223 26557 32748 25803 11352 14308 24724 28342 11563 29420 11069 32446 851 23289 15304 23112 4972 25544 4684 12072 2508 9959 18033 18802 2312 26662 18969 23436 8634 15945 16198 3208 30594 13311 25912 16561 14155 29976 24789 20580 17104 23538 25678 8482 13662 29492 31232 21730 9691 16319 30360 940 18951 26338 22139 13155 24322 1229 2661 483 31503 18249 30543 13644 11415 8358 11671 9884 2673 9972 7003 14980 6496 29558 15909 23668 10973 5715 
6094 12281 6423 29327 27292 27720 1081 5690 174 5659 29931 25319 666 3003 2075 6752 8532 5982 2045 9112 5970 31668 5712 7137 17645 11965 19428 2143 27659 14045 29017 15293 20219 24114 13609 17438 13984 12325 745 30039 9170 30015 24523 25435 12289 8511 28776 24822 24859 26473 3004 22207 29872 26912 32626 1608 26197 12983 26978 3479 13638 31365 19033 16090 11599 22071 13848 8278 14060 23146 17567 10401 29359 22650 10411 2833 9186 11924 3965 10356 11886 24083 11741 30721 11259 23561 7775 31887 23641 20507 29925 6661 29982 13715 11109 24338 5265 4784 19436 5918 23495 14912 31715 14464 29708 19313 19602 753 901 25573 29922 25152 21779 
14340 22631 26952 14201 1430 32669 31008 22466 5265 25970 26769 6877 14895 15877 16333 14987 4676 6830 23645 10619 25295 3902 4444 690 24015 15496 6115 2097 13656 25632 25540 29906 13797 26978 12411 9588 23280 25526 23137 23895 4544 9747 22563 10697 7811 24514 26739 10499 22428 14949 18429 14414 11070 6455 925 19818 9018 23957 15055 32559 23317 21694 26215 373 7262 13015 30594 6194 5438 16178 25276 17890 23889 5583 27555 14636 15540 8739 17516 15810 26976 14105 21989 13449 11958 26711 17323 22266 13146 2242 157 18888 20805 29252 1936 17090 13334 31437 3141 17916 12713 14999 14488 15913 4331 1967 18937 29772 13037 19121 8992 10896 21047 
4306 9725 24179 19550 32548 27118 30250 10713 2838 8757 23873 22544 7226 18601 21635 18870 31564 24747 31001 29017 12911 26204 18166 18999 17081 15886 6770 25428 21234 14328 30004 8393 15257 31789 2646 10079 5160 29391 21956 9820 9626 31871 17125 29597 26153 3865 9854 11749 25180 2718 4051 22901 14145 23154 13583 10973 503 14024 32485 29713 26736 6746 30584 26559 8053 16477 8312 9952 4587 16052 29838 19598 3412 4196 6139 27669 6041 9288 31868 13644 20998 17414 31856 13094 3478 26433 12604 22660 29809 18192 2287 20301 27827 17839 24354 15809 6255 32373 7459 30218 5876 4614 9554 17428 27470 714 3530 19871 11280 13726 28228 14483 24657 
27337 17721 2963 11765 17201 14407 31956 15662 9679 13270 9008 30017 6496 11771 15734 30350 26205 4253 1029 30155 5422 3798 14489 23696 7323 27035 26724 21272 21635 26528 5217 5958 208 1142 13285 17638 2218 6902 17783 29494 11755 3811 25057 19364 22739 14795 1415 32218 19454 7982 1016 13560 21650 11235 22979 29216 19133 1206 20620 28728 30303 10326 10590 29931 11267 26735 16707 13041 13844 32275 25618 8593 24142 15710 16777 28004 11122 11354 14491 26203 10046 288 27915 3843 16540 19264 23354 12552 7706 19555 24126 6905 29850 17455 23603 27466 13898 13163 3286 3231 11735 23140 3664 18248 23006 30351 15439 3079 7332 879 32091 23578 5126 
697 31336 29301 11699 4023 29863 4688 19352 16874 11682 7905 3228 8947 5512 24683 3470 15284 13253 6775 13915 31922 32214 22369 26501 1469 4188 3351 7120 4308 32367 32542 21055 1091 11060 470 21566 28686 25010 766 11297 31378 7905 31610 24525 106 16900 11860 17333 27536 5945 22786 31241 1476 28751 14567 29225 18994 16343 2588 31840 31311 27262 25455 17871 31236 17050 5036 20647 14094 25090 25628 15516 8101 22051 25676 29590 27739 21072 8975 3753 16712 23642 30918 1863 27236 10081 18143 2228 14132 4329 20636 30139 14761 29744 4374 30368 27717 18368 12929 9045 895 14656 2737 7664 28265 15247 16605 12637 19088 15124 164 18512 20259 
27727 24141 20606 29528 26804 20563 24077 21516 3514 25121 9033 7338 21039 1050 4248 30541 1486 7388 12464 18473 12051 16326 5383 14375 31566 11448 26251 21199 29943 32025 28308 15211 29761 8735 11287 15721 32241 6218 18716 15362 1137 29746 1138 17689 16160 11395 25505 19302 3053 17734 16672 19411 3876 16482 2760 25126 1415 30562 17545 4321 31905 17016 9052 16486 25943 4290 21624 14687 13504 21965 17609 7773 1847 28760 31902 10431 31150 28250 25506 11478 11589 21062 269 10567 10523 15757 3099 26032 3683 9316 24766 25742 21179 28361 11407 11358 29882 10944 26635 11266 24264 13283 28668 15975 27699 29721 21301 4453 17535 8614 10370 29670 253 
7780 223 20299 20639 23631 18920 20491 3594 27463 13457 413 31725 5138 29719 24985 7057 9377 26935 11802 20914 20884 3485 29542 19854 20736 13215 7377 26171 4719 28203 3294 25149 14376 13566 168 23896 13745 6423 17024 16547 14227 7532 28632 222 14429 2011 22112 5893 26347 15971 11374 26405 16872 1172 10403 2415 3218 11588 15564 10635 189 5252 30726 28719 25115 30163 21542 10991 22202 29329 29271 9815 10446 23734 2821 28215 21937 6595 5370 26686 3624 12793 26567 31946 3048 24521 23910 16895 24665 13197 14109 23831 8345 8053 18853 3576 4804 32708 13452 6412 16499 29500 10456 845 4738 6102 749 21663 23063 32695 15281 21603 27359 
29280 29933 29769 10907 20005 9463 23909 14812 7648 9614 21382 6666 14054 10757 25283 29867 29498 24740 2902 26594 23553 17227 24494 31798 22582 23384 18623 10133 13215 31947 25757 409 4608 15528 13129 3338 8846 9885 1482 15011 10150 30181 25472 2329 9919 21868 22966 26201 21662 27444 26998 13841 4553 13047 1953 8563 2877 27662 25407 5174 21347 7825 26131 2781 1857 31680 9074 5691 21485 7585 10582 14391 28744 27115 26543 32205 24296 7203 8697 31317 3158 15109 7955 2056 7546 32037 2895 29120 595 24790 16582 27135 8428 31563 27118 29491 11403 17148 12910 7480 32043 22859 31280 15391 31532 5992 16056 31790 29514 25202 11957 30503 26316 
2783 7126 11982 11261 15133 16095 4261 29408 14713 508 26362 544 321 17749 23331 16454 30501 20962 27913 23854 15587 28289 995 12220 26660 19270 31812 7115 8352 14098 22360 5222 27017 21351 28522 3643 6695 14970 21930 30284 18880 19338 15662 232 12986 4465 5942 25818 20739 30585 17588 22240 16305 16496 268 22879 6630 29695 27160 13396 25335 13879 18799 10638 14797 15725 743 14619 23435 23112 19544 2560 14704 17944 4771 19245 9728 11113 12275 8367 23902 7385 22339 28968 27901 28198 22817 10108 15991 9099 9649 15566 18877 27469 12276 7851 12913 21905 5706 17796 21648 15984 13366 3938 1108 7757 354 13013 1369 13414 25059 24109 31998 
16298 19389 22253 25614 14795 26026 11645 15264 18579 791 22815 2363 22907 8560 20516 24126 7034 19101 28768 28287 19227 205 19419 31283 1234 6002 11721 3854 4496 7564 27581 25771 24981 15659 22297 22573 10630 13359 25289 19239 21951 19027 20785 27065 18410 26730 32355 7164 4816 13544 6806 9888 10352 22947 26836 16084 11854 22235 22002 5478 27662 1912 31685 7468 2113 14996 25747 4258 1919 1593 8904 31444 16822 14188 4330 18303 16833 874 19919 7795 17213 24113 18702 3643 17048 6722 29619 18944 21354 13734 26935 32427 12553 30767 9391 842 15704 18176 5699 26805 25055 20815 11490 11377 1825 31338 10292 4820 5673 9464 18128 27754 14439 
17282 9392 19096 18874 21042 24033 26495 12494 7642 18815 17699 4520 31799 24801 18381 3711 22904 10001 20398 2766 16122 9343 5572 9383 14166 19190 20482 22602 13213 21966 24747 502 21986 31332 5375 12799 17657 31943 14105 1825 28031 31924 30488 788 21530 3781 28541 3424 23810 30181 18644 6259 11457 4359 16535 7409 1591 20760 5967 24395 18912 19249 10748 13203 31322 15122 15031 13199 27169 2508 11414 6924 30366 11453 14032 15988 29792 28865 21281 20387 12457 1447 27504 25847 11308 24034 2736 30374 29461 13953 5380 18005 13898 23394 19238 25830 2544 31650 7433 19089 27954 8791 4029 13622 32573 10114 14996 16625 1423 11583 8067 28400 10098 
32063 25290 3713 707 23160 9687 15471 32248 6939 2408 27791 31586 7879 6897 12694 20910 29948 12605 14125 11698 18386 31831 8776 16743 24299 19627 19379 25649 20134 21865 2285 2151 10133 28202 30522 10767 14898 6102 31988 6889 17101 18629 29986 20400 4553 17444 14668 4764 1032 155 32141 16171 24484 25132 13033 27425 26848 19295 25569 8397 17246 18844 16197 3727 29586 24792 17738 20375 5238 14964 19164 12783 5503 15201 18229 7612 5328 17801 8111 449 10671 10346 26070 26916 13109 1284 15298 7797 32585 10486 21156 32748 24015 9444 14238 26866 29724 8731 25304 21731 25773 15224 15568 7955 7961 23942 3569 1039 27717 29158 3176 18469 2775 
23028 31795 10022 28653 31911 5498 29034 14 27577 9507 31253 21601 25608 7073 15001 24604 11581 32268 20348 2624 7339 28023 12892 3972 16250 14462 21808 16526 28676 11038 720 28777 23167 4298 10424 10036 13533 7354 28168 27927 11760 11399 15312 16764 22482 6389 6795 4731 4484 2319 2281 18581 13269 31610 12242 15014 1413 31235 6055 7701 15019 11130 17099 18254 852 14275 20834 20082 28013 12842 4696 27724 7651 32247 9637 9096 9480 24898 5072 2591 29241 14857 32434 18198 10942 2432 20349 6248 26609 18856 1533 30017 8354 16675 3357 8300 16827 18759 14508 16143 14880 14961 20577 18326 32217 29340 19485 23789 17523 10802 9585 27122 1699 
2849 25184 4394 32557 15922 15718 17586 13060 25239 3769 6777 17587 9154 23246 12461 5883 24958 10783 13939 702 7736 3628 27867 9244 10141 30655 13331 731 11627 17013 30939 6668 14976 6522 5688 747 17464 6548 32621 18184 17397 21603 17959 7588 3839 6375 20728 6238 24719 9538 22022 783 18982 9663 28165 31474 32291 9492 21346 264 10389 20964 8641 3002 19022 15752 10666 23489 19001 30735 11391 6211 12525 11651 5298 30270 17025 10350 32308 28458 27298 23965 9009 19162 12004 25892 250 164 6998 1187 18755 13249 23897 11975 29582 20214 178 7187 743 884 733 24800 21458 12030 12452 9378 1666 27977 497 24174 22859 22696 26593 
15033 1882 15849 16665 3683 32676 18297 26717 31476 2076 25551 4447 10277 8489 27400 26580 13986 15703 18383 9421 20494 8525 10112 3653 30791 32767 30093 5366 1004 10020 9760 1138 22557 20459 5122 31086 22402 26601 30139 4705 8335 26198 11771 3662 262 378 31544 19933 17085 22626 19097 27313 13729 25815 12819 22774 6907 18833 21970 18233 22002 20647 15578 12413 1361 11850 22766 21643 27275 23475 17840 2697 16893 7770 779 8654 28786 3945 11982 17653 10732 14192 409 4912 30114 4698 4861 25567 13125 4000 10463 26722 1415 25276 5661 8235 17886 14305 27765 21271 25989 8425 1442 1534 24517 20111 10183 7561 8562 27102 18705 9027 2488 
8681 13976 24819 26648 16829 8839 17962 7085 25236 23933 19480 14260 3659 16179 19363 20811 26134 606 31163 23161 8563 6103 32231 11887 31068 13561 22308 13069 21441 8522 752 13224 17205 1886 6818 22795 12008 19705 23292 25275 14037 13940 18947 1408 10300 22882 28430 4896 5715 8819 20766 20334 27449 29336 12141 5763 1323 5991 10314 14412 13306 8898 16931 11589 10940 26035 2788 2179 14786 4763 16768 19192 25803 19084 15820 31731 10615 6643 2708 10982 2559 10362 26089 15980 12322 8236 7096 13450 15459 4058 28321 14389 5489 19646 773 12309 19431 5983 97 10889 26165 1972 23771 19179 10462 1164 1819 7189 12005 18990 25180 27684 26241 
17468 18627 5500 17944 16093 2031 22796 19819 13082 3025 11731 9999 12937 11198 10658 32284 13865 19906 26404 23593 21646 21560 3357 9079 9022 2455 23279 31084 18266 32399 24162 13635 31105 3669 13988 9987 241 32059 2191 19117 27119 25987 2091 15290 31594 26229 15220 31940 12251 18863 23133 26500 13679 4797 28692 22780 14696 11497 8584 28149 704 11092 15657 25516 8208 20294 30702 28873 11441 18627 31645 10896 28961 25951 10823 19035 25256 8531 15121 26440 17979 20175 5179 30767 31392 18322 1626 12759 11731 23737 19688 5481 425 30932 30719 17188 25523 10303 9058 25939 7269 31664 7869 18300 22903 30988 27438 28123 14220 3711 12803 16654 3858 
15307 6342 8722 2153 26080 5751 31342 15175 2222 11800 7342 23899 15159 12911 2323 17456 14824 30471 27273 15957 27433 4728 24537 1979 4659 5608 25888 23902 9249 24018 29056 29735 29514 24582 7445 22289 9423 6897 25387 28812 9328 2591 21678 17183 2724 17406 20193 5456 10472 9445 2643 5320 12375 11092 5648 13491 9851 27006 4884 19302 7267 12292 17413 13124 23541 22020 17697 29410 32646 16978 117 12393 10152 6661 12879 29756 17219 14390 4599 32475 7656 21252 29338 13832 10337 29147 28807 27944 12173 6391 32414 3307 30059 20003 26628 24111 24692 23239 6684 31778 13614 28449 19123 12711 3582 2771 20091 17916 1341 20126 13243 31897 17807 
7021 30020 19547 29808 8853 22951 4577 11024 19291 21157 16695 29025 4535 28903 23217 28526 16983 16368 10010 18670 14311 7759 32526 22297 32144 26137 8613 13498 31422 31126 24146 20614 3111 2107 5642 31148 11785 8152 22440 6829 7090 24083 7056 5742 2118 22037 25234 31628 21693 32387 15378 495 26411 15280 30566 1698 1860 23057 1152 31201 25631 3313 18381 29556 10042 17765 25948 24892 14527 30083 18243 1036 6405 5071 25407 11962 29530 29430 922 31605 19968 16831 5970 27480 31605 18238 19831 9280 12535 12107 32725 16603 26184 31538 12499 26370 25263 27308 8347 6217 6975 28942 15739 28884 18011 2753 29579 18540 18554 1778 8081 27089 24104 
6538 10529 21586 10062 18785 2057 15260 30642 3758 14572 14800 4289 13763 25900 26584 10381 23031 16909 20474 25106 3299 27416 28333 6845 32209 15294 13740 12591 13681 27710 17738 10558 14798 30153 20485 20796 11905 483 23645 19580 17700 26892 22759 10003 4618 1184 13981 22236 6445 22524 32120 19903 10088 21730 3905 306 19431 16159 3236 2815 1499 29546 4230 18248 31346 5520 13720 5065 18182 27086 6700 5214 17301 23934 22088 8389 18801 759 6137 16292 21048 1198 23018 21198 775 21409 26677 22722 30699 5365 10105 26485 25496 4829 21037 17489 22366 13503 8244 15741 18264 17042 3249 10335 7911 30603 11804 10591 31070 10232 21654 10478 21247 
32364 25209 6599 17959 5148 4916 29813 10437 26761 9302 3094 7696 31839 5352 8286 28794 5021 28416 20703 18399 25335 20371 21895 4099 11385 8331 8298 9019 3948 14617 19649 3434 3965 22605 32563 31535 5916 11748 6996 10589 31011 25953 29292 26796 13752 26463 20345 2478 1652 17701 1143 17668 30149 635 23774 29649 1424 12732 6509 11375 10523 5677 22822 5985 5675 16525 5018 4233 12649 23021 2150 26779 6666 4290 18430 23250 6319 23609 14761 2786 30090 2506 17101 7981 31171 18704 29549 19257 8218 10712 23536 24162 14541 16504 28708 10956 1212 25698 7042 22684 3019 15608 27316 31080 12936 4258 28244 28651 21262 2590 15095 32766 23849 
26648 10858 6852 16826 19195 16955 15140 11613 5382 25467 26236 22090 4258 10179 9619 24953 20723 3957 2512 8970 173 25924 4778 15843 4905 31479 1888 26267 3000 9065 6378 19863 20279 3541 24623 29810 13283 26192 3192 29346 17263 24471 22053 27993 25428 2571 2463 18090 22377 7162 16013 18413 21171 3872 3915 19300 2686 14190 25751 10527 32684 14090 10638 27420 29262 29590 31704 3251 13169 28853 11295 18737 18746 13259 8901 15812 6454 5381 31958 25239 3307 8602 30011 7997 25779 29520 28209 32339 11466 8513 12026 17505 2213 11743 10706 28162 18565 5686 24101 22853 32077 26225 11007 7762 32400 30624 9668 23377 5871 15032 18721 30599 19106 
13531 4162 8642 27732 4314 21062 3576 29748 27129 29168 13867 19785 13298 13727 8847 3333 25660 23424 31983 18718 16524 15874 29517 32665 30365 7306 11721 17704 24877 23657 23492 11701 7752 22027 7236 9023 23240 624 17818 7909 30493 7392 20547 30784 26954 3291 26893 16118 48 11344 28282 21132 27663 15887 23913 11388 12362 10367 28915 4232 25194 18580 31124 5965 23142 28924 12171 18203 14370 27033 1155 12036 25141 820 14450 14387 25071 4976 13762 8576 16539 27900 30895 22849 18945 10253 1520 10594 22575 20236 13465 27064 3193 17291 20288 11410 6591 28542 20574 6545 1006 5800 15865 27322 30921 23635 26752 16330 9706 20804 4343 15305 12291 
7662 14931 8418 12138 7398 10792 24178 21973 31127 23681 17759 8546 10039 28431 22187 16602 17402 18311 24649 3382 15493 31045 23599 15458 17317 11829 17836 12610 29249 5875 22780 3315 9101 9777 28954 25939 24961 7002 30677 17603 30090 8308 7206 22315 29055 32587 17089 26687 17622 12748 25834 5889 12824 20911 20874 25223 14482 11097 1154 29695 17998 30720 2111 18928 17985 784 5518 10435 24262 16077 26034 29825 29771 3130 27317 22494 17482 14906 25083 23671 11388 32758 29981 22616 29257 30334 23796 21697 7810 21939 15091 21034 16722 30820 7354 3460 12914 27575 24041 10946 8605 3531 23602 26776 2884 32667 12723 16770 25986 28198 27010 7689 6482 
30413 25225 31810 7168 11004 21652 12439 15581 30476 11176 9161 31543 28776 11671 12854 30856 20207 7633 4184 23278 5530 21373 22671 13275 11871 30152 9760 16142 32085 21117 24957 3522 12056 727 8647 29221 18031 21139 18321 16139 11564 7496 13543 12260 19540 5627 18062 3307 28544 11502 29326 24481 30595 1978 12270 19322 8269 16285 3007 24278 24080 23061 3932 28722 5537 12206 23535 23456 13344 13592 7991 13428 27099 23164 17801 16193 3184 29968 3349 18436 25650 26346 24171 10398 26830 30994 3646 5000 12591 7130 27751 30402 6814 370 17452 2828 27438 18103 12739 25433 29527 7756 28946 4225 29409 12780 2489 11574 17667 11774 31826 26169 6093 
11114 21751 21197 12995 27564 18181 12653 4299 6951 13856 23738 20809 3515 20600 3255 17544 10649 7754 14392 5980 29782 10921 10904 25093 30271 10622 8619 7767 26605 16078 2035 18712 24089 19259 7959 12970 26545 25038 11920 17129 21034 19187 2726 13399 2073 14533 1947 2679 15869 4236 11558 18294 24927 28036 15907 9488 32286 16609 26760 21682 3588 13071 12699 2780 26268 10814 29282 22986 14664 6686 30811 8019 22926 231 7790 2577 15795 13725 29216 31170 28043 27538 14601 16110 21391 3884 27272 32203 9264 24552 29109 14429 20331 27551 19351 17377 12446 20233 21912 11628 28826 24447 24629 20944 19961 8709 23034 11455 16306 13191 9902 9011 9706 
1635 30411 19724 32013 6440 13105 507 18206 2717 20762 11680 8011 12038 8785 12015 11205 2722 30111 18136 25038 21880 7046 23079 20500 27732 9010 2729 25405 21260 25517 27536 22723 11271 9554 21784 21506 18688 32644 7019 18831 14600 16032 11458 13516 30666 26159 23246 19385 8723 9057 21334 9485 21394 17335 3105 1158 4572 1023 9750 16765 26802 19333 2978 31677 7047 10120 20058 4757 4157 6891 2018 4652 22320 5677 16909 2837 29813 11163 10821 2083 20068 21444 5166 5759 25939 22062 3974 5111 14501 10823 5456 14233 32004 25758 4145 2177 2026 1107 17434 14063 5222 13517 22823 2973 17693 22442 3527 24911 1935 27388 21534 23723 15515 
8114 24231 22091 19013 13396 24606 11025 31416 26612 669 26298 19591 6497 23045 31926 6200 26269 21919 823 12035 24721 29955 9353 22231 9984 17465 15009 18334 186 25375 18680 3522 17426 7178 18586 30192 9105 19888 31353 26140 13036 11334 13320 18373 14388 7653 23045 26490 7501 13874 32150 28061 5537 5438 20376 21607 19477 11691 24116 32556 11581 13841 20659 22240 8651 18847 5523 4059 19790 31750 14042 31961 9497 25746 18602 4933 29568 25754 9750 1207 6987 11547 28724 4539 12132 18336 883 31188 13011 9829 22319 11456 5356 32699 31619 8446 15815 30894 10591 29582 16113 25318 6362 13560 31841 4555 4553 1935 25006 2797 27280 29431 30591 
5538 26936 4325 27970 28145 15042 30502 27425 7854 29883 739 16433 18151 21777 26915 16621 20095 13349 12433 27108 19993 23841 30848 6830 11831 16524 12588 32036 16803 13596 10562 27857 24335 15051 5283 29347 15864 29740 28773 10470 6864 18944 26651 7027 26203 27909 8279 30757 1114 10766 2669 9101 23911 17496 9593 1511 18464 18972 20643 9292 3463 5985 4769 23081 3241 31508 31358 18159 16766 12890 32154 17420 13073 11813 30451 30491 3296 22278 11170 21591 26502 17218 30889 9558 1175 4903 3563 26612 460 26528 23164 6541 18272 9992 3611 17007 13753 1084 21501 21902 22091 31732 10957 14458 5050 15443 32240 1935 15678 10940 25613 27243 22860 
31720 9933 3238 2931 4661 30687 3773 4484 5697 30528 846 7157 32184 28345 19595 1415 29802 26281 28137 11815 23457 30724 9752 32018 21425 32668 25912 20029 976 5791 29514 20212 5160 29793 23268 3521 3627 7516 27689 16783 5927 886 27641 3087 14618 31618 17253 15195 11719 11272 17254 20186 24585 22857 20686 17251 5992 12926 3198 27301 490 1121 19418 20934 4139 29934 30074 31562 22448 11371 5666 28727 28537 4006 16885 27766 31445 28542 5605 10877 22139 20900 28014 4651 7125 13987 8324 20211 28319 286 24010 4413 18609 25177 29956 32521 14361 28668 9679 6102 17261 18195 18064 4034 26720 24664 22442 26098 26770 31157 22260 14900 22701 
14597 26474 9699 9645 27675 8482 7180 1151 2565 7554 5326 32718 22929 5041 2055 6170 24849 6475 31533 10762 860 23385 9849 3843 28181 25472 30027 11257 15664 15736 26058 25221 30641 4288 3018 6200 18871 656 15092 18480 8122 29712 7200 21224 1809 28871 12806 84 30647 24918 4374 26670 27470 22118 20132 13451 25956 32735 27464 29361 20726 9306 15493 26156 22322 11482 6568 4639 4993 6326 20467 27865 18629 28122 8699 29096 31711 31024 22095 1266 6005 29528 6490 24193 31986 23967 13963 28191 9934 11055 27827 28259 16399 2691 25006 6602 21776 25374 31045 13833 385 23421 4947 27042 16303 31562 29991 4022 15621 15826 25130 32282 22483 
10425 10177 29101 10831 15084 8309 5352 18138 18392 29266 21686 2436 4826 3212 30598 8913 16118 10345 10911 16318 26315 20826 31156 29439 28870 14443 25785 17291 29591 22238 2037 1114 16097 9235 2647 22893 23606 25260 17933 3600 7234 18670 24403 8284 1094 2153 15753 9727 12233 30939 6793 28224 31370 27218 7223 1341 1720 25233 11354 31863 29541 18869 682 7313 22329 18968 5417 25685 21347 26486 25271 30968 21205 4430 19425 27551 18865 13451 28155 30753 2302 4196 13422 8463 31392 21121 5202 19698 22919 15967 9792 18643 14886 25589 4705 21505 30503 10648 715 6414 22109 11548 4110 14363 31226 16444 23561 18005 29186 1083 20227 26304 511 
26828 10999 24628 28407 4656 26926 21669 27035 27294 5651 32167 26817 25319 8004 4656 2068 9818 18405 14752 16138 17893 14137 12288 1047 7806 21875 32647 12321 32449 27337 29539 13875 20443 13515 10166 885 17830 26099 23262 7004 23061 17277 25593 17438 6099 21880 29352 22377 30759 23838 31764 2900 22555 1377 31023 18326 18653 454 23101 23285 16229 3958 21394 9474 26456 3219 26525 2052 7469 6600 21029 14130 21390 31268 14547 13605 26625 9512 17649 5772 10951 16158 2673 23842 7684 27565 24625 32477 12321 11947 3453 28008 30063 20274 28886 12756 9485 28918 1009 28811 23819 22485 24835 27013 29135 2480 11580 18622 19640 17018 3217 23271 7682 
28302 703 31323 26090 8006 25997 18518 6418 11721 17489 1633 25638 36 26805 9233 21184 9373 21691 21745 23945 14147 25087 17085 9122 17866 26173 12241 21314 9622 274 7648 1440 28694 30471 19689 4627 6483 15819 9831 7287 21705 7616 26825 25300 15477 3257 10017 3642 28207 9731 28960 2799 4922 25506 14146 11213 1562 31964 16198 7397 2725 3580 15585 26984 19549 27984 25267 6344 5885 20852 32634 10010 32082 11474 31622 23743 25164 25194 19053 18755 6229 14287 9471 25989 2785 10354 8060 8472 9799 32291 28677 24298 29135 21205 31057 9507 4108 24482 28065 1104 6508 15631 7670 31169 1293 30864 18817 20783 5074 9039 347 18851 29111 
15913 29814 402 353 9977 14292 28237 1530 27418 24310 25241 7995 8999 30872 26777 19402 15365 17307 29429 26055 20772 12355 10549 19873 31745 418 21358 14127 15600 9044 10529 19708 24856 1901 1888 7650 2495 8368 21042 2266 14536 19714 1337 6930 1657 17438 14226 5184 25730 24201 5885 1335 4667 18633 7742 15543 9774 30418 2755 30346 20693 27585 21894 204 15525 10700 13109 19339 12107 24185 24465 5776 20533 7951 14356 12667 14420 18762 27094 534 12064 23635 14001 17635 14557 24047 5539 15351 23069 8183 12917 16395 13447 31240 4250 26577 24790 19323 21850 14724 10789 22936 32048 6851 3689 24070 112 29343 10303 22918 11052 12787 26088 
32482 11353 13812 12689 18975 8238 14600 28376 6138 6605 17884 29069 20883 28709 24752 20917 99 21015 23286 16597 24179 26071 1308 17517 14032 30614 12966 31170 10810 31582 17535 18144 11292 26173 11665 7392 19393 8869 9619 12135 7620 9235 32290 17775 22984 24047 19988 1866 106 8627 26377 28131 7540 10320 18754 14152 31315 19150 2487 1125 21708 11826 24163 1042 28138 26276 17635 20305 1339 21969 30527 23248 5180 18575 8968 8630 24081 6079 5795 28060 10105 20600 22756 24536 11010 10082 24287 8194 7545 15199 21498 21425 22181 27505 10311 17286 29237 17368 22801 20844 31990 18042 10165 9245 585 4744 12979 11241 3541 12127 9477 25779 30073 
32428 28592 31036 32644 6612 16792 11172 14633 7827 12696 10029 4397 12003 20178 8003 2787 10271 2884 24505 7514 21864 13469 12886 4821 8520 28494 15760 31867 2709 26595 16535 3664 24728 11924 20629 30564 2671 28951 31540 2635 23984 1721 29282 18892 18511 685 9553 11741 20930 16548 27329 13520 14178 8094 8321 5319 10261 24319 25651 8557 25386 20965 18769 14824 16004 23737 12397 21257 22523 28932 9149 29126 30207 31620 23766 10731 23422 30848 22456 29964 4872 8792 5899 30142 30002 28256 32168 31495 28216 19438 24923 22546 18150 22962 15079 25639 29880 1350 5963 14043 13632 18694 11844 29828 30920 31778 16915 16112 24633 26866 11392 7767 21051 
7561 15647 30349 27550 10892 19666 23676 20217 17477 10895 24530 6032 31219 17764 7415 29563 30564 14264 11074 10501 1222 6099 15212 2899 14523 12705 31301 8774 4267 3506 2981 2465 25438 27014 12710 19311 25034 1288 29712 14751 6697 26968 23573 2802 12623 3277 6207 16151 17979 30779 7334 3604 13292 20849 4966 26343 9590 28422 12624 16749 12372 22870 17120 18308 26880 23751 1391 6508 9665 4433 8362 12660 25540 31549 21571 10962 623 10540 11751 28626 18674 29532 23407 4915 27167 16423 27994 22733 31355 29132 7547 12664 3221 24946 28143 11818 26518 2922 13394 11871 3098 20661 25906 19902 31550 29126 13252 21753 29690 9864 22998 12789 6834 
30627 7173 15147 16135 15612 24112 16974 13299 25978 23597 14893 28181 27664 23226 29660 23625 7672 25782 14094 11900 5692 26769 14790 32447 4731 18945 15151 4249 1258 15350 17863 6818 1945 30417 23747 20045 5368 7888 6320 4614 10649 28365 30550 8573 13111 31529 25313 2113 28920 8451 13379 10896 10479 30125 13524 20590 22245 19040 25403 26356 14425 6190 32658 27627 22981 26681 8901 14233 2339 3107 25915 6363 20912 15045 22713 30580 25840 25892 22915 28837 5362 22432 31428 8702 17365 31599 4655 5747 27787 19530 9959 2482 10461 22118 18332 30132 22703 20646 3063 7826 20102 9999 17721 4251 9543 2428 8735 17571 9026 21139 18952 24221 20078 
23287 13145 14957 5622 3263 14625 15095 13557 19240 13305 3964 12926 646 6703 25382 8928 29825 27427 10977 3624 5245 27120 1389 8167 2138 27471 25009 1077 8542 15033 24403 5621 24943 23244 7557 16987 24710 9456 27682 17836 9824 3130 4857 9541 19575 1937 9065 2783 31792 26383 2094 25873 7510 6313 18298 28950 18631 8211 11079 4561 21357 17886 17388 6158 1392 16868 30959 24587 20906 25829 7195 26679 8540 1394 13010 17721 2079 13322 27044 5940 29725 31364 26144 25674 11904 10924 27369 31839 16427 49 525 18975 3752 6591 8595 13634 17762 3432 32339 31246 24341 7240 267 6686 25474 18793 4526 19043 11623 22500 11519 616 19630 
29769 30815 4314 22757 3393 18403 22855 18414 8050 19114 7974 7416 30883 20846 536 942 13857 25432 3949 11181 609 5401 3306 30780 21990 22070 24777 22583 16229 10403 15106 23117 30504 30356 25545 20844 16816 31376 21336 7544 26014 28103 30446 27715 14548 28837 18200 1722 2263 24999 4911 32348 25207 5742 9762 20209 31923 11026 10357 18552 19159 23480 25482 21857 31207 7271 18976 28924 23872 25367 27161 25138 3709 22539 11136 3699 17560 24673 202 30959 9809 14056 27740 16905 7124 1841 32590 15112 25494 16105 13679 25104 28288 2405 21129 23122 18255 10623 9446 13439 2363 9633 20754 7042 10710 31263 2787 14702 6712 17866 24503 26805 857 
9410 30205 1436 8638 11659 26103 29675 1112 17507 4029 11497 12969 14547 4742 27015 32296 24965 18723 15580 743 10837 28620 13009 7027 18602 22303 18206 19451 2567 18534 18549 26805 28893 32537 31740 31614 5028 23460 5377 11457 29225 13161 21738 13209 13610 25097 26474 4410 3104 32735 20219 7053 7516 25038 30088 6938 15445 17981 13673 43 23105 21343 28309 29486 25826 19128 31763 17500 1955 5597 7602 32408 739 4219 10746 8602 3473 13210 7266 18252 29945 1571 21444 14452 28381 30368 5389 13460 20936 580 9785 28942 10143 19755 5503 5004 20089 4066 200 11167 7088 32298 29030 28583 13625 2809 8195 16626 5424 11714 13527 15144 27575 
3318 22559 21222 21249 12747 9930 18345 2474 10556 24437 27886 10058 13905 23449 3735 32585 31136 10499 29841 9717 12820 22405 18868 19409 31469 20204 27114 25392 11016 16689 23444 17411 14689 3316 30761 16880 19158 9253 2080 26788 19758 19205 22033 21097 17241 17229 32023 19707 9977 14252 30328 16535 802 31607 10888 3414 11358 29341 2250 21177 14837 13785 27481 21893 9323 18219 18822 30673 11593 27272 32195 30557 29729 30417 8896 26149 23756 13058 19411 4406 10998 5036 7325 18881 30429 27813 1003 17518 24405 27389 7642 754 7440 27445 319 31716 23324 32684 31813 29900 30893 15194 1112 17022 6173 5312 23874 25510 7985 29983 15252 10659 3230 
