43
966 6
2 1 62
1 0 65
1 0 63
1 0 64
1 1 61
1 2 60
845 5
1 0 64
1 0 63
1 0 65
3 1 62
1 1 60
207 8
5 1 72
5 0 86
5 1 60
1 0 67
1 0 64
3 1 6
2 2 77
4 1 68
436 4
1 1 75
1 0 78
5 1 74
3 0 85
077 3
2 1 46
2 0 80
2 0 79
174 2
3 0 15
1 1 82
693 6
2 2 79
4 1 73
4 0 26
4 1 71
2 1 85
5 0 63
146 5
2 0 92
4 1 63
4 2 85
4 2 74
1 1 98
814 8
2 0 15
3 0 86
5 0 89
5 2 72
1 2 84
1 1 64
3 0 68
4 1 88
156 6
4 0 80
4 1 69
2 0 65
4 0 69
5 0 100
1 2 57
006 2
3 1 65
3 0 69
380 2
4 0 60
1 1 69
252 5
1 1 83
1 0 74
1 2 50
1 2 14
1 2 47
617 3
2 1 83
2 0 74
6 2 40
116 2
3 0 93
5 1 67
300 3
2 0 29
3 1 37
1 1 9
368 4
2 0 41
2 1 46
1 2 32
1 2 35
561 3
1 1 97
2 0 78
2 2 64
429 5
1 2 65
2 2 63
4 0 78
1 2 63
2 1 97
972 6
4 0 54
5 2 60
5 0 70
1 1 79
4 1 63
1 0 81
760 8
1 2 72
4 2 65
4 0 83
2 0 71
4 0 100
1 0 100
2 1 77
4 2 23
758 5
2 2 61
1 1 62
3 2 60
1 2 60
2 0 61
564 4
1 1 62
2 0 61
3 2 62
4 2 61
552 2
1 0 78
3 1 89
810 3
5 0 62
5 1 74
5 1 100
045 6
1 2 77
2 2 77
2 0 78
2 0 77
2 2 77
1 1 78
080 3
2 0 77
1 1 78
2 0 78
263 2
4 0 64
2 1 80
949 7
2 1 65
5 0 62
5 1 80
2 0 68
3 2 64
5 0 73
1 2 60
509 7
4 1 79
5 1 87
2 0 76
2 2 73
5 2 12
2 0 92
4 1 71
963 8
5 0 76
2 1 91
1 2 70
3 2 68
4 0 94
2 0 81
1 1 65
1 1 89
134 5
1 2 60
1 0 61
3 1 60
1 0 62
2 0 60
184 4
1 0 62
2 0 60
1 0 61
3 1 60
787 3
2 1 87
1 1 70
2 0 72
011 3
2 0 78
1 1 99
1 2 89
344 4
1 2 88
2 1 99
1 2 87
4 0 78
461 6
5 1 0
3 1 66
4 0 72
3 0 88
4 0 45
2 2 5
799 10
4 1 72
5 0 22
5 0 94
1 0 22
2 0 78
2 0 90
3 0 68
1 2 60
5 0 76
3 0 95
954 4
1 1 92
3 1 61
5 2 72
4 0 72
425 4
1 0 75
1 0 74
2 1 67
1 2 80
964 5
2 0 74
1 2 80
2 0 75
4 1 67
1 2 82
106 8
1 2 81
1 0 82
1 2 82
1 2 80
1 1 81
1 0 83
1 2 81
1 2 80
434 3
1 1 81
1 0 83
1 0 82
