10 500
404
1 68
1 80
2 65
3 53
3 56
3 88
4 65
4 98
5 89
5 91
6 71
8 61
9 65
11 54
11 85
12 99
15 72
16 97
18 66
19 62
20 69
21 54
21 86
22 69
23 54
25 95
27 64
30 66
31 51
32 67
32 71
32 81
33 86
34 77
34 90
35 67
36 60
37 65
37 90
38 75
39 84
41 96
43 50
43 76
44 77
47 85
48 56
49 90
53 108
54 100
54 126
56 111
57 104
57 110
61 102
62 134
64 116
66 108
66 110
66 139
67 109
67 146
68 121
68 145
69 131
70 106
73 133
76 122
76 137
76 149
77 133
80 139
81 129
82 139
83 104
85 135
89 149
90 137
91 108
91 117
92 103
92 108
93 129
94 101
95 121
96 144
97 112
99 125
102 162
102 171
103 152
103 185
105 175
106 163
106 167
106 172
106 184
107 178
110 153
111 195
112 165
113 152
113 167
113 196
114 166
114 190
115 181
116 159
116 190
119 190
119 199
121 150
121 185
122 165
122 195
123 154
123 198
124 173
124 187
125 164
125 180
126 156
127 173
130 177
130 185
130 199
131 164
133 164
133 192
134 177
135 155
135 175
139 167
140 162
140 189
141 169
141 179
141 187
141 198
142 192
142 195
144 150
146 182
147 177
147 192
148 166
148 170
149 177
154 226
161 239
162 209
163 208
163 228
165 223
166 249
173 241
175 240
176 223
177 208
178 211
181 200
182 218
183 213
184 221
184 230
184 232
187 206
187 232
188 209
191 201
191 208
191 243
191 245
192 224
193 249
194 223
194 238
196 232
197 248
198 214
200 287
201 269
202 283
203 260
204 284
205 261
206 295
207 288
209 260
210 269
210 295
211 257
211 281
213 296
215 298
218 272
220 262
220 264
224 290
225 282
226 264
226 286
231 282
232 273
236 260
236 267
236 290
237 270
239 289
240 276
240 294
247 252
247 291
248 278
249 292
250 327
252 310
254 322
255 349
256 327
257 319
257 325
258 301
258 319
260 302
260 310
263 303
263 330
265 315
265 349
266 303
267 345
268 318
268 336
269 324
271 330
271 336
271 342
272 324
272 337
272 340
274 314
274 339
274 342
277 315
277 328
278 327
282 318
283 345
284 331
284 334
285 310
286 323
286 325
286 342
288 312
288 315
289 345
290 322
290 348
291 325
292 304
292 323
293 305
293 328
293 341
295 316
295 317
296 304
296 320
296 336
297 333
298 304
298 337
301 399
303 352
303 377
305 362
306 361
308 351
308 378
311 382
311 383
311 388
313 386
315 366
317 363
318 376
319 372
321 378
325 370
325 381
331 378
332 351
332 369
332 395
335 350
335 360
336 369
337 380
338 379
338 397
339 378
341 395
344 388
345 366
345 390
348 398
351 416
360 412
360 425
360 427
361 427
361 440
361 443
365 400
365 430
366 408
367 421
369 421
369 423
371 403
371 422
372 441
374 432
376 414
376 442
376 448
377 413
379 434
380 429
380 438
383 444
385 424
386 435
387 416
388 417
390 418
393 408
393 446
395 440
396 403
396 425
399 420
401 476
401 482
402 456
403 479
404 468
404 472
404 490
405 467
405 468
405 475
407 487
407 491
408 465
408 479
408 496
409 463
410 471
410 472
410 477
412 480
412 495
412 497
415 455
415 460
415 468
416 476
417 459
417 471
418 451
418 453
419 463
419 479
419 492
423 470
423 494
423 495
424 456
425 491
426 462
426 466
426 480
426 494
427 469
429 496
430 452
431 486
432 494
435 456
436 456
438 454
441 469
444 461
444 478
444 499
446 456
447 455
447 499
448 476
448 479
448 491
