30
242855
397440 397440
397440 397440
397440 391473 58805
397440 397440 289106
178062 133120 322214
397440 397440 133120 133120
349846 397440 133120 34927
397440 133120 35524 133120
397440 119482 133120 133120
397440 105637 133120 133120 392918
397440 241300 133120 133120 133120
397440 133120 133120 133120 133120
397440 331245 133120 334880 315217
397440 397440 385085 383669 260541
327372 65546 387440 133120 319041 134732
254510 164039 377388 133120 64594 347036
143161 20309 306244 250987 195466 195350
145401 117681 261548 180328 269557 97382
2317 397440 262476 338682 333562 313708
370251 397440 35000 297377 230792 78724
79275 218232 397766 330360 189094 395904 395904
278157 307748 253688 225193 50909 390349 247789
18248 185816 43139 280001 19849 21039 60329
289406 234773 178999 151882 173455 228913 65590
260058 263913 79319 90850 342638 158595 25435
56756 88955 214529 51265 396703 184570 392810
163964 174919 240600 298565 77087 91 178566
96936 137483 355248 102695 372256 395904 395904 250599
254577 262064 79512 36520 122122 59778 115839 329325
118768 390786 71112 291876 79741 1993 343141 192796
186563 335951 73113 77835 292903 371678 154922 292995
150244 368211 146830 221844 70906 119086 72443 325483
381150 151956 78355 219625 328086 310547 265302 46854
301333 336414 338730 97427 338407 398223 290223 124971
50526 363336 319158 59782 51366 74080 69129 317963
158643 215959 139807 395904 395904 395904 395904 229549 335045
328603 271385 32548 80559 349740 368525 395904 395904 124997
260287 233827 288203 161621 170241 226933 259048 225000 341508
265623 66323 108386 345312 385481 168168 396678 175914 237297
314641 334557 53256 170801 164107 104654 99404 151844 137202
296315 101584 222079 21312 78224 55906 309515 239845 342499
252800 215245 167499 310660 197220 233823 19046 142532 335656
187215 139211 111570 24512 170204 162480 194121 341005 42939
298775 40409 194783 152329 336724 296367 374408 74388 374591
30314 383903 330788 395904 395904 395904 395904 395904 372813 353055
262385 256664 263715 59606 206839 282762 318490 395904 142496 186329
57701 370418 327193 344258 249250 121314 285263 292189 20089 42025
86972 172418 378749 99692 146826 169490 190635 293492 269745 237776
382657 222801 216513 239322 202868 276119 46161 201982 310962 305009
388311 368663 391780 315505 312921 241030 36819 314537 133220 173261
356562 336544 62031 51663 152588 208858 221153 343224 218702 90899
297352 201360 30052 113865 157034 232920 106337 319547 151255 17299
224557 139566 102314 216337 171423 131588 57367 324595 46125 306939
97856 119039 243484 159887 170702 396072 85097 108208 55648 303800
315459 353000 221512 395904 395904 345511 66866 395904 378546 294783 289555
298093 162390 306854 122650 301957 125520 55339 395904 189732 257108 229059
114327 19585 135998 328535 138624 95834 204775 25679 91907 289872 133887
147555 310024 165698 216908 131536 227561 126 110082 122344 289681 8176
1087 312887 247178 303044 154759 302518 209128 128220 131577 323456 147805
383927 368343 2782 79762 173118 144813 288021 179343 395052 151928 89367
160750 368836 220904 388311 85314 47338 227007 91347 55514 228094 4234
19045 247490 275346 321563 56619 3566 169492 393216 96427 151371 153419
64770 270505 349533 354241 15318 237554 133584 393216 393216 10370 389483
222951 171120 74671 160207 159431 159986 207546 102791 251333 379412 330885
255568 398457 178376 130914 36372 351347 250832 322216 47774 2203 191988
228896 272709 141521 183137 4379 379076 316721 14750 84911 256025 302222 159582
132584 178006 319568 340130 280797 170902 35895 211682 142822 150704 106410 390088
187077 174109 240920 109293 338235 359475 301281 167132 232184 159155 66621 352916
254583 99695 367666 339494 355720 269888 99076 88304 47894 18645 144787 328691
305899 297034 256726 165073 47738 79488 155161 351167 253598 112433 60461 191833
71908 78094 75317 20445 353601 141939 373361 208184 241634 341027 147678 313706
327267 363107 118362 91514 98104 379501 136557 4003 276535 109635 285428 40626
189124 40589 391793 159074 153022 393216 393216 393216 393216 168606 67259 341282
363053 258929 361727 316654 868 393216 335088 241191 393216 358854 392467 388869
388912 36087 68328 223626 127601 166432 203128 264158 286787 196015 90146 172215
236641 279270 329156 344787 154696 198530 113393 338307 139813 76446 197236 217892
109453 314456 152981 350644 273310 261800 55865 378574 14239 124194 202201 141840
6978 121681 122351 10118 34048 212497 298685 387042 208119 344194 331829 79167 142724
45222 17474 398889 238021 214711 216782 347474 129167 86115 14470 118830 347915 70335
213756 78507 310881 132309 220347 34212 253990 59050 160682 4391 387899 175719 391433
312370 119913 323262 391537 378990 84836 9012 377879 39209 340075 311013 103035 69242
397128 117505 304424 61396 304193 118181 139903 331426 366842 76602 365638 337185 135653
242672 341576 239904 18392 49361 152275 138305 88975 143812 117295 173811 269176 211527
329373 209251 122540 32408 394846 119669 266266 299270 297417 170459 133803 37320 101885
100646 113922 183876 37831 365927 26548 95759 205832 393216 161292 145120 74459 299598
234095 218271 133245 124258 203800 344772 53631 13051 393216 183665 86040 7897 19686
352306 307168 317103 239117 157323 70775 57354 374321 184697 241230 12152 266977 384131
107911 189161 145423 253031 263620 161373 203478 198243 10971 327737 2043 355743 381368
15095 255760 183760 139344 275446 136066 162864 308901 91535 320188 379676 148890 294509
280726 106472 23014 147703 206955 247277 53216 68731 216661 316836 230104 20139 231431
241075 347876 349827 313171 329245 364922 285283 113005 220618 277082 365424 383483 185983 56959
20023 282012 322201 314532 162738 28674 53898 26793 351981 301176 80009 20712 117837 396845
250817 137976 344628 208244 85853 294455 121415 131450 375729 6699 360807 196348 283781 326231
179831 186116 99543 199854 68128 21744 230738 230866 166770 284637 257659 118752 185813 54020
139464 20002 50865 106633 157978 111846 314878 360183 6301 152645 91633 382031 275696 52441
294731 275829 95024 74562 178298 194567 390768 246426 332664 221506 193645 215786 222495 167656
50890 124660 221677 306707 144662 388894 13340 302641 100740 44570 262824 223394 313568 70810
205425 305616 123251 100156 181446 218275 291070 359744 129195 398190 322522 178211 336048 232519
393997 158544 176 44888 399556 221853 351595 144219 393216 327099 81287 163212 144192 125858
26036 367586 155778 213198 173011 61394 336449 389519 242840 271077 396941 318936 116624 395131
357811 294835 331179 190330 288832 206075 306858 50072 205632 245063 118019 349851 172163 199307
229415 316355 41517 371803 283941 197295 185002 173304 258689 121451 279175 217882 108880 276116
253170 341856 387599 210981 236691 35130 117664 241876 241206 24522 8300 163190 269586 126320
229393 41749 325627 58808 358104 367144 30611 358397 280791 215613 131701 139480 53417 127228
73714 278649 3344 326885 220506 107295 137866 173549 142425 255530 15425 99983 396405 23726 263173
265991 266398 208918 307740 192025 384078 382196 275521 14690 340593 156312 346655 188646 12144 72
32226 85859 395074 151922 12744 215580 259217 266962 105481 117994 238845 120907 217978 235250 260985
197503 101241 127383 122774 125333 35760 106852 223881 311281 121542 280826 183945 68198 69472 196089
184622 101698 398300 296048 253620 127396 227980 229189 394359 333462 347183 349556 54369 281513 301158
31706 79017 118751 275441 201791 244084 311201 308643 67965 338834 146538 348791 122779 331088 134615
35220 232062 352665 149873 128111 322637 277269 72443 268178 387980 5905 215361 337536 176626 96875
355046 208332 292244 73797 83773 210387 34233 393216 111326 235382 218550 50160 381920 167341 289291
29360 18308 40864 377775 87325 190737 105886 393216 393216 9962 68006 294681 278140 172339 300587
209854 226227 77213 23081 181274 1898 315325 255071 202023 242064 289305 29702 77446 107855 79862
175719 391549 85506 321431 126209 126370 299206 213535 33459 121444 339849 217817 16126 334342 390156
316713 144196 216384 110278 283629 397658 112176 198954 369081 30552 157370 374738 60254 234816 198946
256468 126887 306847 341974 48319 33056 184696 347525 246591 218155 68970 302793 152325 85096 237135
142481 118161 97683 75217 228439 381312 189227 56968 296618 158309 203872 53988 249399 264126 5156
48345 236946 132044 355192 295273 296715 388249 79969 244240 351192 14477 29562 370337 166802 114658
207472 25635 349171 21507 100853 177611 2819 6432 234579 15789 281093 38451 69777 130493 18929 191286
295190 372227 323330 250383 267500 220045 354984 63822 180637 22528 78299 210200 392866 361453 41210 316690
103440 390382 338198 204293 167993 57369 327078 118924 73159 208171 273727 259288 338664 9008 50574 233855
381235 373904 200590 248736 310301 271926 312558 90939 294454 107209 17491 3672 68662 58701 320363 172102
49083 374913 92748 333428 32282 19826 168704 105441 344349 42431 364730 283014 51439 15304 233221 149027
105561 150163 397763 15862 22089 393216 393216 393216 26673 223153 32895 133882 240644 36568 202544 15698
73283 90998 64781 48196 300098 114562 196830 393216 36276 283266 302272 380626 42050 383354 263640 209841
115010 213213 358868 336923 363376 356631 69138 393216 385465 383304 292291 134712 233538 249288 171280 152434
264986 360915 243433 329767 9111 259883 160681 322294 296160 160300 340918 276786 202350 324272 256778 12191
155634 69991 87412 92558 149719 160395 161696 135184 143700 170339 269896 93590 19627 157529 246025 284613
118444 205810 330733 243908 65693 207766 282554 361853 368066 223472 238639 170416 264096 95417 298960 19730
281760 102724 228640 31479 263119 106688 283015 6819 277028 269264 216762 13007 143145 62787 297621 261589
268597 344706 221849 334290 152472 104403 12496 120539 44227 251135 7307 308323 62905 22619 328054 344665
125343 273046 92497 388463 379735 375512 111634 373115 361128 328396 386122 104273 391183 95 365863 376132
344801 304064 310423 213626 124820 322919 334165 169047 290406 57824 77371 69663 80444 121777 130681 205787
111175 223178 310602 90910 315042 22237 180377 276171 66985 282852 380444 58169 282947 62659 150653 344101
83076 177428 157727 207896 216699 208244 93295 107106 266068 287018 293121 62864 125147 23802 385004 236323 363332
295606 43585 278375 34195 223963 154546 101181 223167 251342 275702 222466 314002 26355 166567 113430 203784 40646
37678 20483 365242 130973 243941 347663 134344 137063 10527 259491 160865 395531 95814 124198 7490 255752 118925
41685 196067 389823 142866 19234 241165 18568 241700 271519 161276 124620 384949 81412 281618 22627 101895 246861
269953 62189 194524 4297 199252 321403 380140 76469 316935 192307 317019 40777 48059 35944 82462 244126 25767
341681 379712 383285 76601 337764 254804 237877 178736 356106 319289 60355 95085 137537 23568 81390 199726 334444
202039 398978 255847 182180 191799 289134 374487 108819 329911 138898 144763 128726 99376 286883 70407 79088 270168
147008 133204 241324 384886 311941 313782 20527 372296 8868 158064 112216 90258 357790 46660 292298 73120 18859
190830 264920 24346 281669 373739 354257 20567 234854 82983 236295 238089 269742 31735 224609 16751 164939 182286
117989 76880 96068 138516 165528 221288 12933 277744 311547 87075 40756 320197 160196 59616 111027 141468 83962
109048 231559 154571 245967 66413 353907 82262 20855 223649 113997 245464 356752 395288 27750 74741 72169 123819
329610 237697 345107 58895 231794 373006 145970 272550 9555 306166 332166 120582 47634 132480 345982 279193 287052
191949 61959 357311 274211 82814 180960 104560 44630 137713 99849 188733 328806 172018 312552 374768 126067 374011
33663 357861 63370 179634 346764 72925 202152 395282 309860 249787 127763 255842 245332 131167 47792 23643 88478
38355 222809 385790 142916 267440 239855 242765 56173 168662 131135 85077 259782 257202 175440 293446 331416 355162
189432 278180 28088 391584 273462 54300 357723 117577 26494 203056 365096 74286 343051 53574 112642 165861 39365
255558 149653 395572 214675 322178 280586 345810 123607 140369 203012 15399 150167 250780 370562 339599 245312 115002
331183 118775 169302 288907 352704 195796 208315 317801 386435 267718 87727 215429 149931 243444 70987 299584 239017 2014
338114 119603 347824 178073 376324 150836 193473 126491 117969 164035 66090 363281 395389 113626 198408 281043 118885 151113
76839 43552 185266 179626 311270 389345 395055 177554 232790 182394 77138 188159 184408 131605 24114 132232 309678 439
399421 103151 126930 233742 383538 309373 197023 378927 22999 395432 259970 258236 262897 53162 301788 48163 349140 329410
153860 344196 106964 386650 242942 300455 291161 143703 148412 315276 275935 58090 315715 391708 277594 158997 225450 261132
184722 22474 356412 324073 134258 332734 182309 397155 102248 200449 161670 51389 129860 315530 111937 353176 18533 354879
369983 26046 98582 118395 341322 90870 176486 373389 198930 170432 248739 24381 147916 33461 163207 104328 357535 297465
153415 256196 10972 255663 56646 288994 307052 302858 204524 135341 372386 339409 90221 342370 365456 305155 60765 23130
396025 353603 112872 194956 124035 361611 335689 271952 395072 98896 92632 68959 112713 362399 325156 240037 218063 98154
129031 241467 117364 49907 376809 89750 389317 183382 32120 71125 88537 209238 210607 200915 162841 323479 112223 3229
285090 47912 391533 396515 263160 200517 65474 92225 162917 106982 332262 97332 321488 61293 55151 38852 111200 31960
128603 216869 331694 277075 287994 136584 86313 214954 337499 365507 138433 49722 368736 23524 213986 360269 20039 77146
160786 201865 169371 40055 25200 217985 137387 346688 279278 192539 385541 106830 340851 114144 323700 272546 107571 328046
9130 193885 143000 62981 159392 281434 229055 128128 21310 43041 204749 157701 236539 81887 359566 122262 121943 101118
340247 259330 47807 335877 168221 149700 42707 109073 380196 366407 97971 87767 10806 223453 281652 153806 286434 157396
151592 231841 1876 172902 274882 206625 330603 227773 288513 6522 350035 126808 107640 290282 102490 271799 226159 270712
21499 385218 96137 1695 67978 310460 205815 78784 133913 203819 232590 136699 361216 100535 368540 363092 273437 243422
169718 204041 71195 174583 326915 137582 17743 34555 144216 120233 22707 86727 107297 160558 71945 319786 278606 139923
230246 84421 218707 364159 288240 167650 100858 249456 268185 69398 212549 141622 29172 98619 62015 216719 389554 388930 354301
123649 139838 98517 243882 278897 185244 67532 39455 373542 387318 318061 113465 217565 2482 332173 298076 7075 216175 115287
256531 84360 301037 185432 342334 330210 403 4350 263281 106309 109632 217583 229958 365822 32452 190193 244719 334049 374077
527 307591 361395 318588 21056 295312 37423 69581 309741 44498 2108 25028 301029 86468 326065 202814 145155 372627 319569
265857 235909 25879 375489 169844 372189 57664 202296 278734 18735 252697 252811 19262 160288 330559 337851 297697 342223 375274
83630 251964 19772 85739 276992 37153 288559 319410 356319 33714 292037 275889 299571 127946 18120 391413 14142 106661 49077
332791 385396 184164 185488 354559 203427 62129 285118 257630 76178 343694 349256 159808 195658 369028 361899 189003 122533 366811
224765 195205 525 116802 187446 16449 361101 205566 7862 375243 28579 173291 308034 13975 357455 93523 368535 277234 272004
370005 134864 348182 313699 84120 224342 225710 169500 302594 131065 8386 269405 355830 203591 386282 188984 391037 2731 150085
312955 10593 241681 341534 300236 149715 71862 257692 359590 40397 134926 347946 126754 386143 296128 156806 70263 236823 98868
356116 139417 229933 364502 8822 302115 284445 395104 91099 391834 114188 357537 304789 124781 315570 246323 25018 181637 34537
399062 141228 74934 250340 89174 318041 352835 101655 74847 139451 338478 173715 95567 194247 120000 176421 319421 22115 60866
314525 229566 52700 28713 303455 73841 269847 219025 320164 11217 663 71054 126631 258243 145988 376971 63769 180381 329807
281776 371580 69258 336606 145295 281177 130853 381647 57598 50274 120114 234816 81152 66033 287516 226217 369488 361357 212416
304866 397873 223633 21881 68927 350264 396476 331268 43588 60245 228001 89747 58374 199582 275357 394980 344877 156534 125834
42877 330484 292460 162991 165300 373612 229024 169168 199830 314865 246877 12246 336083 361102 352232 357964 146382 18848 70792
77650 62436 247389 305651 268535 305763 105233 143892 300744 166463 16778 142930 209340 63614 35390 88683 345266 125355 34060
230786 325185 65277 77663 53783 1360 155118 122367 75676 301500 141216 146468 95502 320004 393857 117505 304892 15973 339091
165136 316717 105554 181915 175999 31246 361881 211389 236281 307148 336744 270341 254286 378281 335618 48302 148417 53330 203420
387136 129006 104920 244704 391826 316774 164709 102036 34279 185953 118009 373370 351089 151078 195276 249356 327077 342874 211238 254818
179156 234738 307915 165849 89024 2548 217820 137326 150965 271150 57098 254454 116509 278370 99158 108335 195144 380219 210371 229424
166172 328380 202794 117262 195810 114423 366618 122887 57297 177856 377706 352805 128946 285621 235007 334323 288169 52827 188001 155487
40329 245100 9941 156838 123470 225451 265174 34967 205671 191897 264391 371843 236630 183537 89105 32440 297960 172076 155328 71610
66284 249386 24415 195231 251359 259422 245906 255880 28601 33907 11367 68931 395359 137660 225769 235182 363112 207295 270149 285135
399193 134540 256978 352175 34429 346084 384615 48742 118160 256295 120352 184444 105681 261119 96027 73392 236894 341933 329273 265495
92193 56992 50778 87552 194653 276548 322734 274117 200195 192883 159252 315740 43775 132582 267915 78205 195018 368883 243299 29530
225178 363651 330327 47212 341122 26354 120604 178016 84640 166229 159864 176833 223222 210642 264385 134227 203542 303472 124696 120090
212707 300 35830 256483 132882 303746 51040 327901 388981 294339 357431 214159 374342 287758 377723 315464 30465 214680 209833 115105
380909 86049 291938 204131 13043 272675 54710 332938 176147 179406 53028 388855 179706 205210 361690 312589 108956 129082 240490 214289
139773 314273 28449 114115 202032 122524 145931 232497 337204 72116 347602 318114 158165 355892 238597 287561 228567 293308 220499 121067
72714 389879 109922 252421 195089 187964 281362 20398 317046 238204 234687 56819 152477 379488 287286 354509 102013 33217 303358 39217
221686 367312 73683 379851 323204 312281 383764 268124 205589 204263 389191 394655 194142 215465 363428 389232 3429 244790 9630 36827
82994 360669 93646 235472 340158 380932 306333 42171 130501 326044 81388 352187 293356 271424 48391 332913 183705 32155 201037 105646
352771 190228 216653 263265 122045 180082 368849 125474 141224 378479 162301 340571 55501 372299 292395 395659 353231 198728 37830 200084
241124 235570 152272 134481 106994 317015 67394 7051 65522 384783 229049 18293 175011 45703 281559 297056 342137 250408 138882 83361
345240 17535 23932 741 389834 316327 112752 59417 231408 150582 259501 72532 102504 128125 323365 325851 161492 390759 49254 227015
375542 278304 245308 266905 40359 243219 280313 382496 209980 135547 182209 155220 153082 206142 272313 142916 238821 385065 202333 70229
251999 178187 259114 354503 306312 182479 396706 67805 289591 45961 294820 265133 324265 256480 248391 364624 216052 128704 63472 26032
264252 245681 297604 133686 51823 169917 276603 6997 271334 195288 193578 123333 373475 52692 194188 396140 351524 190895 180297 241115
353208 191469 222600 277473 47949 70991 358449 264001 316048 21921 6385 296652 383954 303989 30338 35778 73906 306941 159127 61592 218582
352705 301277 192057 121750 95466 188197 73274 2713 84846 314389 355921 276315 136989 349746 40617 324333 308195 20970 240381 46468 27356
137033 30422 331345 167371 182552 121604 190665 58031 183196 9247 10737 84474 317656 248839 296292 222206 322113 15357 307052 352854 371278
183368 206195 37376 223985 130528 61923 244955 370909 108391 272311 224294 255165 320009 108018 154070 41613 298683 212101 341161 307930 339190
141987 341938 188029 154631 164144 110142 169988 71197 179348 257618 370917 385544 294994 194902 116072 356917 156209 203334 181660 28521 143980
36826 64882 251998 307248 222847 150681 119349 164008 174963 58540 22348 233254 246569 176979 397398 73064 346968 184947 252412 204586 155864
237956 215933 350766 70381 172850 106976 390067 354511 251849 250399 107689 33083 102398 14937 255930 369431 250638 136290 260747 309178 158638
94001 272100 51970 207751 345164 115290 392699 313928 36228 148563 151885 252161 215682 338618 25012 39010 45037 95875 290859 295436 203564
40294 397834 334853 296224 83618 185491 32514 344365 94670 307505 154718 83122 359475 362469 144638 191117 355168 58566 227345 220084 326803
195859 35766 265421 220871 74776 310458 33098 81987 322247 236662 122281 36433 287867 134857 120051 73358 167371 180768 284380 191228 335486
367502 267055 14308 112140 58172 85828 170707 1870 22264 213862 197729 58030 79284 134952 249158 106094 168050 331145 144693 121064 169778
181127 8931 304635 301178 198641 188359 81947 83022 379587 133785 166876 246643 264445 279017 304815 66626 166076 23037 88890 379938 220766
146921 175574 355718 112431 398021 240120 43577 142714 361184 329707 323841 86467 234343 341372 285109 22702 139671 368131 118641 389808 135007
365284 254254 130376 386452 37232 12804 9489 126122 109095 230256 389395 1021 302326 101827 399042 142447 261756 258109 219983 191463 181950
306451 25806 239674 191560 164860 379345 276043 283502 369154 127402 248786 339760 374131 351590 376992 386935 77432 103114 212382 307688 92510
213404 326366 310689 328798 185165 172445 303259 5149 363908 201562 311600 389715 41236 219512 270927 20582 95555 154429 106088 222957 119568
45848 197088 71158 139192 300376 148590 242306 112758 172630 51168 42514 98997 361857 87665 284162 250654 390924 5663 214563 308838 317263
320630 350075 136775 191557 87009 232330 345987 193097 171640 65555 355297 85080 136713 94489 385456 1656 53147 214567 174286 104316 373433
389635 182525 61098 390150 33180 168375 395813 364095 77213 29429 284725 143640 166204 76282 230649 114887 138621 140098 2879 204176 95395
87959 57242 306236 73416 175250 359384 287983 65888 180052 377768 55524 362577 38867 162026 112109 323594 274191 76204 117159 303620 77281
260800 186177 153564 91449 301064 8537 347900 303943 212714 159647 108254 386308 65884 181670 277910 25268 186005 343798 321672 163774 399322
601 318993 277700 112711 242587 151892 305267 359746 55512 382549 220546 241689 252465 28348 259105 261002 92600 279400 190068 252247 387655 292728
318131 169325 170638 59751 71683 114437 381423 351809 230111 382025 270802 107812 211088 229741 259704 116355 305839 315216 215256 242738 156906 67721
271086 132363 45076 80038 11764 235144 332285 399419 244225 366769 285096 14863 26520 356779 129300 124296 308588 75764 222673 295742 183576 33761
125483 43280 266468 31323 358496 81725 274061 231754 265798 261499 364118 27226 341537 375882 378723 390174 91653 222948 356943 376749 237811 99816
333529 83464 224112 358469 159228 46785 370564 342804 196898 212399 102436 63366 360074 177284 261443 350487 9039 243594 328338 89509 270820 269875
181743 249543 376402 389748 72491 333345 366497 26655 149513 16378 226471 373625 91200 102051 136762 61764 161207 50012 390515 263643 229731 350590
40927 91174 301077 166318 51120 229416 372179 321941 215643 270274 287836 192045 260022 76680 241743 226520 103335 391256 242898 46158 81234 50450
148209 334348 112214 309416 384361 102730 289411 214092 169672 330338 21618 70749 213009 72739 300165 185188 111032 232161 55463 398868 24206 31837
75548 382301 258357 295235 89910 217608 341393 287496 268058 205954 338196 96625 231722 38909 315707 121133 253001 85379 167824 390972 156128 380833
180063 172646 282373 291095 4807 54188 289963 145365 86026 81864 244019 344383 377099 50281 278343 34845 337777 262754 357151 275973 359379 305226
314883 391438 26359 284236 76817 310535 391560 349297 291368 171623 238295 290094 62718 359454 344282 69034 221172 30308 150898 181543 91044 244349
231824 85739 395546 169601 348493 352698 161926 24224 257924 193161 15662 635 193750 208831 311171 185310 274481 318891 356934 112776 325337 136004
188583 269620 205038 9755 16280 355936 191298 223676 316638 139474 309416 312184 25427 257909 381234 187353 282134 355510 96867 14148 356146 290617
222980 383669 192279 213813 18912 149213 326589 344250 285218 231524 330222 206608 357631 346502 162545 265281 170179 79183 4755 79595 107719 30182
53856 88954 217536 52342 44464 30755 66491 116962 37724 5823 216983 230003 219636 235896 95569 262577 296498 97139 210454 226720 303747 168085
173222 182644 33367 59753 261827 38122 255700 85899 68305 309557 174853 2193 78251 335669 32948 261094 52632 187024 266917 269615 17027 202905
221863 228948 181835 234713 326087 392289 61433 346187 276726 351008 128831 310093 127113 107011 348216 382814 192910 132873 292371 367763 135066 86974
303432 284366 348069 72416 71390 331338 58384 204769 250596 396599 33718 32431 231313 76157 141072 9098 22344 17798 360106 151176 44244 203572
258187 108812 186386 167449 241685 195109 135212 93103 282083 154996 377469 230152 343765 165211 161491 2149 369980 12087 398748 120050 160870 346413
196208 301942 355512 218552 36092 31970 86080 196688 235542 344267 305500 21928 111716 147185 333389 363280 240288 215473 234629 334109 45625 178394
215672 323468 180543 302005 51907 295643 22055 212777 242057 218263 231071 313921 153168 383516 345891 239248 180204 297786 299868 85705 36066 11584
232890 369456 91217 189531 184929 325846 239992 346906 104240 55665 386727 1135 357670 38634 296778 96077 251412 255187 30693 82483 169108 183861
65999 115000 23109 362556 129138 322977 48261 165204 50914 397503 134660 258483 303386 35941 300681 143379 99200 4921 315396 85927 122408 389418 124561
19186 85495 92325 274374 232540 291161 159834 16401 73512 391186 155863 36068 120324 195192 84329 285529 362458 198185 136541 220941 101571 288835 121622
361302 388035 242895 276698 73962 365303 382468 314875 100842 67964 7201 91568 16856 14714 251402 33258 88226 242589 305473 124295 362913 100665 324976
364794 179476 123161 101336 417 224733 390171 238392 186035 94558 197639 179086 168520 162943 161554 199747 380137 345870 323300 71705 362727 338014 323107
112337 142593 165696 17810 266888 244962 234827 191864 209756 14303 315026 27444 131073 256111 17615 369465 42146 228525 167104 221232 113397 46399 99139
313145 26536 45009 352797 98241 7736 7164 137701 120073 149757 19749 254235 16645 264711 89063 324861 74468 103366 239887 218264 234439 95998 235880
203904 254497 180757 87361 192081 294155 250112 291220 207300 393001 336230 276449 207594 60318 283613 345295 296744 33370 365045 150979 50015 346108 240042
374877 20576 343409 331116 238841 177848 143467 191073 98105 397964 371830 301818 306397 265985 268282 197618 189637 261283 250200 66087 68878 310518 349700
130525 323614 383071 211922 74594 149438 158031 314636 240667 178607 374397 171784 133800 268598 31603 41225 83055 145919 129408 384873 52316 111745 253155
366286 301383 230791 216486 83822 299669 243357 149874 146546 166971 249297 358469 357917 398736 116500 388906 355755 11459 79655 243891 261612 348253 275494
302837 31308 137765 148597 132533 190082 260343 102041 156368 278078 332832 89207 361900 348853 48916 228126 95399 332239 77424 53868 290157 192512 286720
395415 148267 298180 75070 108511 159792 139676 384005 178981 170984 238123 327579 19870 28205 304274 121911 300925 182352 171095 106484 260604 119948 155400
205082 331699 87640 282506 101920 94149 191370 388640 205916 339638 3172 280986 48149 279316 20662 148506 174650 307999 386629 218581 44221 131186 122855
166132 148464 21559 53579 254948 398515 289879 10349 203597 221578 214341 202456 323498 24842 393826 28491 230758 49816 148015 111744 214317 27332 248759
79176 318334 273110 182157 136915 317331 313344 376122 83463 61808 397681 253394 33108 112548 143273 43457 32497 364851 257798 234953 4702 282640 345132
149545 113398 394948 297560 341495 209266 41244 306606 288442 75930 179716 186951 212845 97047 100295 188967 296862 278455 303000 150256 311564 15548 293529
71373 48046 374732 45524 399351 379434 44516 344483 245331 274267 339432 259244 215762 265050 16840 122368 153492 92771 18436 340443 305616 115483 157091
210936 12345 151898 113936 278953 179814 129485 172482 251188 293883 147214 296712 293234 243001 57580 237718 204684 331847 177150 63928 147609 42200 80769
386329 312044 173540 4765 368839 195508 236600 242282 6444 248945 110533 236733 244250 290347 366218 16732 257887 376453 280299 270951 269687 239652 328532
223757 44336 260379 907 224617 124341 159459 305386 227022 187855 195278 348140 273047 107138 184740 115329 113583 150038 342214 350316 394288 232562 32886
127373 206801 9339 7672 77753 395378 363676 6285 219136 8012 383016 336395 348981 223709 212207 254367 50732 62 165997 398872 389461 273136 299964
221143 103071 50002 163357 169739 160643 395919 318977 288016 202721 44668 12040 396826 40046 375716 119463 375534 100080 102479 311930 49062 326189 240489
19781 93273 356903 185779 208497 346365 175267 108461 167508 278338 274816 330865 164429 35459 43137 83406 39827 362210 128074 51867 359036 284472 143935
194851 260007 244015 13682 288289 9429 339871 128778 145563 149496 202033 47694 357993 148398 222961 66455 32258 217651 57623 79476 382080 93082 122613 181838
249261 201175 309912 301128 276563 310736 45063 71414 287095 5430 85096 175384 131212 141320 20514 276775 290816 222548 324469 365162 370946 263782 147969 119557
81433 205592 199033 179865 15026 37998 361703 264287 239173 387967 165415 232088 15055 326830 19854 302151 48612 104950 77535 179824 362622 214402 172951 369791
36950 213772 334953 124248 77554 199274 243805 275339 4866 42838 55204 19892 80836 133259 284179 36361 237578 165946 268449 252634 209128 288303 154785 257740
109606 348672 153917 188580 163074 326868 158371 200024 256993 209676 324273 334547 8950 284430 209887 130168 327269 381443 150060 124457 114703 150591 277171 352281
316537 261972 321267 125665 266628 76052 99758 376234 24725 253675 281166 187799 296895 155890 104176 153888 365566 28449 204788 90869 312879 14675 221037 356500
396118 87450 197310 227173 354393 74481 295807 270931 52805 217074 112948 319433 293127 329058 12019 34204 182733 293186 222003 195981 49076 326179 66221 130994
70980 271009 338215 100212 2036 275605 173064 398155 79407 370374 341680 33800 161207 237487 21083 330365 54562 250384 249798 64041 179442 261818 98245 78528
271356 36600 274509 36784 79132 340730 284130 150112 328092 222346 366676 330128 214303 139741 44635 293710 226467 386316 327510 104027 223803 64946 34392 394717
315330 284190 58758 94772 262360 273355 173300 250068 309956 47809 286852 389088 104892 170983 255552 32984 109681 222229 79464 323984 78322 124100 217694 304789
110416 261556 8816 50571 326502 159560 161641 241832 160103 336751 336605 22463 210107 226257 272532 236415 390419 275736 225503 95311 163071 197407 244647 272752
19636 40463 196736 214310 164563 130782 119100 391331 392339 244268 41903 318841 3829 319896 277026 163932 256647 329983 302747 66754 156240 291631 303169 146659
283720 245024 358322 46791 42432 319321 319544 178420 359785 232632 392731 240700 363415 228183 232032 355754 72451 390287 390947 192632 310183 384325 72916 166830
314308 92016 233585 70549 383647 253106 333560 267367 98131 291883 30511 256915 327556 350055 35335 3693 299039 28066 244394 262454 256249 76426 334560 45053
66713 41860 237685 376896 26185 26954 260078 340494 118970 210015 127395 218969 63122 60955 202689 277605 69190 233200 134520 396747 299607 169855 440 198646
314274 244834 177453 286875 37612 112013 331928 104325 270225 285966 197573 296411 312920 57652 236905 148242 384019 364300 367211 47141 141607 169900 324746 210798
3100 175618 323897 302707 345474 40689 217706 376100 1876 395159 262975 39488 223524 311256 260166 93750 313574 174091 390161 342846 348095 343418 91088 332115
24070 58299 379256 165677 228200 20355 92827 347652 195973 133076 366712 257799 173766 184418 233899 291994 295929 213227 47834 119453 240835 308000 329555 154409
82092 36068 97255 30187 379486 188343 78654 3556 362994 57911 285586 307546 194618 94765 255199 390591 227842 221911 364743 117960 122681 198642 9954 18610
128221 57788 254415 369056 82141 183971 123465 280585 220039 337072 27124 315878 125415 105779 35786 204762 163690 37724 112308 358308 132490 367507 65251 360332
305770 29994 78292 28451 344989 88246 163413 73210 262386 134181 42267 344527 318152 282084 225112 254543 219157 252237 286773 60924 358016 322560 265686 238058
360284 94347 312718 209126 61854 377969 169458 83977 7964 364102 228780 69305 52348 392194 142515 31087 126375 301134 375614 160879 299571 317079 131774 118728
169316 18548 296004 243684 57460 278043 81742 134096 372390 394460 343223 150596 88781 112681 234573 213097 193136 63354 282402 361836 171900 24918 392923 14627
42404 84890 291858 341975 1969 139984 177055 287637 274884 189412 131321 332344 67455 213063 66441 39845 323875 126016 190441 12656 355049 141367 342106 148185
321073 224508 110022 209325 365778 102945 340304 8183 187835 232162 66510 189804 372146 359918 77441 247031 149330 325114 295727 216785 254529 78520 372982 178404 204536
279775 307413 159586 21142 249519 307771 58567 190379 17793 267892 156158 237091 208196 164341 24926 156710 347203 331083 245209 307121 124876 208592 56451 49991 104319
389588 304520 299192 362570 199277 103728 242346 223042 379666 379840 72561 287438 154760 262940 21583 22652 135450 375026 347201 16143 399953 103911 363347 47388 65472
270468 172264 274064 43272 338607 94736 32860 243128 393928 395431 158757 97656 354129 381799 77323 50321 170712 81113 205081 150004 219048 344086 285455 194075 291287
301598 310380 111550 264945 357768 177023 251766 246384 51087 295038 184992 145823 327898 144472 139751 39681 19581 353760 393810 1380 147435 160484 172092 344900 365565
38448 163948 309651 323903 74375 317290 341854 101107 28841 323151 58875 322216 174917 21612 373303 186307 322956 235479 114206 67428 91582 270239 87009 161694 380402
204741 309129 140886 93185 370381 222803 131633 250682 132455 171889 325057 49745 113743 26165 194938 36894 201392 117154 328164 339356 206810 114471 262312 158641 345029
46092 366575 215269 249453 128270 195671 54194 153751 52909 147379 124133 275712 395365 374815 124519 167254 16224 290617 397349 158741 85555 150595 360134 319062 78759
299490 242224 193231 161803 865 138260 324247 367440 69881 173701 95710 381904 227895 365814 34813 91627 89947 26878 203344 181114 151397 86950 197338 42014 200651
356080 243922 351246 32566 162984 30006 332056 5208 339589 210211 122425 194201 134459 206217 264083 24512 301928 245987 368759 384094 397153 60386 74041 140383 380082
255155 291780 67032 168845 50147 384035 124925 294069 335282 157491 173405 81640 205900 294965 21229 132463 17390 215430 383274 223607 79513 7786 241887 41853 376546
342333 155358 153284 16374 295741 133367 387881 303873 316751 156727 354020 300787 398004 364441 352421 271848 254198 34061 77748 265515 55290 326563 399257 387072 309838
222865 182938 317624 181104 224791 10522 123438 96501 163807 256164 108594 13526 360398 12467 46629 117125 82840 63768 231481 163633 16189 103329 17832 166602 181077
399699 338244 107641 398957 325317 133831 338174 108255 51455 119278 49398 178330 359068 262251 342137 331585 370845 72015 291983 383312 234996 125460 182504 298765 356941
346138 31306 60271 80322 314261 357700 80021 252505 65341 78978 177822 199172 17152 2429 366980 252783 51827 261662 328203 30430 203799 259788 1275 392166 268123
384588 227162 393583 283444 242279 66877 229582 389938 127148 26256 304199 84848 222630 156704 266542 301608 50879 182066 35113 53308 265398 4248 221488 127060 332451
251918 47211 308592 253194 39377 293067 354134 382892 3003 237578 341523 69880 183513 331461 313380 209769 352012 398228 148751 108717 381122 50360 159596 163189 201825
329256 144939 206073 267096 272000 254876 119015 35563 279820 88561 74941 289240 159047 174185 292243 396625 232060 78475 296490 163522 391855 222612 115534 106435 371363
340603 87558 138075 216551 367099 339900 145808 112038 262325 129256 100390 233554 248271 135954 229726 53184 327247 118966 212231 217784 11209 325209 49844 89684 221699
329718 197891 160663 45253 304327 132027 102208 391885 386454 318760 358984 326355 180920 187374 305032 310176 4117 138586 274800 140071 84665 327984 183670 203631 140216
1454 331193 65425 51298 137229 3476 381017 335121 164140 142622 239448 12519 361182 347685 398973 279942 23021 41680 177214 326747 346713 203743 330864 201651 78543
70935 286316 122879 370957 206300 379447 372411 137493 161224 140062 391074 164701 237431 326195 45193 380053 281995 57712 341235 229680 173037 337530 369053 214718 231096
295801 277783 34839 226665 195786 229734 13953 198455 352614 384910 4755 48413 357322 258600 209638 213736 249674 374339 51167 292222 135884 147572 174217 193596 205159
120250 366633 142689 89303 297703 373786 385104 175486 124977 211770 87625 354712 225723 286080 23678 326985 290835 188443 659 265787 398081 214395 231813 88772 265562
124035 224656 13134 14605 18252 334646 134855 101238 77335 224158 115293 167473 325615 7132 8803 253737 94757 79867 195812 380837 219897 122797 388024 8340 123457
253811 6422 337852 85624 95194 319767 326012 319851 49253 340617 54455 383899 75472 272045 177587 15982 387339 345060 57949 394471 70215 311686 89228 150082 107498 186417
369979 230296 174441 378320 70105 144604 101094 7957 346580 196288 44076 272592 232491 93330 213209 286947 77229 5033 275344 254816 137368 262683 316229 195317 373506 386444
223356 62734 136527 330854 249151 222858 277502 139944 317530 63959 284548 18624 188269 231129 214913 232345 103721 47404 325675 33283 50703 119257 154668 326048 90425 8388
305083 6654 320058 278590 109451 143414 57676 362330 190620 306828 185188 184475 163124 102719 248434 47673 121343 36703 395154 52608 269049 98875 100013 311076 248510 267068
30333 119531 193116 120759 127919 98200 243765 47977 93142 353216 191391 150818 315546 98364 57646 217087 282839 337123 319806 131273 384796 157501 284329 379950 210110 269730
195177 26475 180806 160040 293543 327492 279571 203012 164603 7490 17564 8368 171820 110706 77937 79563 261524 109835 177927 35523 326922 177118 372646 363080 24744 73794
120582 309073 53744 47044 178803 365273 73519 75961 125313 83414 119805 121236 2778 284408 245079 136694 9129 16899 247400 203418 96462 225277 313253 390742 260800 240176
167860 349798 203256 192604 23592 323838 218029 193688 87234 113184 275313 160753 189146 116979 360520 25303 238215 363298 309712 199646 99993 35193 216545 63745 238611 29360
289022 151864 136454 266174 108392 304314 215972 311649 213271 355916 351839 31300 265956 39074 144485 141270 316179 49983 258249 276699 191638 212816 356350 101350 12463 172695
252895 345360 236440 91506 374720 241815 359723 111174 224341 68115 131841 40314 96116 345112 112582 47956 92764 378539 203382 353601 236161 119561 119936 210762 112613 311575
23578 68963 129277 36041 358010 382173 381402 310802 190031 72474 152617 149754 300001 376959 334222 31842 133625 30338 93306 362559 194646 186070 57450 398028 139672 293611
233942 375960 104373 346555 287535 127952 15518 16813 280345 373528 115338 378099 682 305369 50574 153300 171476 66927 246611 105698 98769 96588 252388 192075 59147 163387
94497 116598 161415 234169 10209 395357 326482 230935 341912 214017 358887 73782 230830 355584 163662 346168 333684 164345 367890 100610 33997 139366 283889 396960 361416 382658
93548 330156 291085 152695 93543 385582 385645 254959 336104 112207 366668 262586 343142 24933 76603 18381 98715 23786 373965 378730 86306 24001 259427 170548 240963 293424
309914 124852 290384 387682 223862 383932 317839 114947 252979 11382 216882 238625 382693 152986 350832 349362 131924 293974 374295 324879 28707 189362 348665 2672 168092 151324
143026 143871 38224 383989 37295 348139 225194 44031 52173 49056 144315 370012 280356 397295 97747 213590 352272 80440 366576 19456 146154 98500 29782 120449 23379 58489
26164 88397 177513 310608 356073 320539 54480 394297 20881 208127 58788 246075 252159 227314 11483 112826 197326 8191 226473 11425 221781 178745 91866 188357 314553 238020
3209 60687 74822 142941 119176 100986 347690 296690 11594 20115 333581 182426 130764 354462 390554 189553 316889 359065 16867 328373 71891 330545 336564 298365 341971 274698
193462 150189 179407 108016 388209 298969 168703 179383 41910 4232 280369 105952 17274 8316 126067 350855 190742 256831 21670 297648 162736 338559 256713 295955 266932 44957
342853 319849 343322 1176 194547 136784 151365 90306 361152 255926 389275 129856 35310 31185 250440 32031 253489 267714 40347 95908 334921 347442 352740 356591 361442 231828
295151 334508 244136 162083 379465 186989 198284 322787 188165 109183 175923 55882 199490 137076 311808 188765 383284 63470 336303 233724 95502 306144 217790 252201 2053 152711
315995 71145 109303 277438 302973 4454 211946 147109 282889 191411 50450 197526 230550 354967 306709 6473 10849 222551 143549 322658 127669 243185 386128 180324 76909 197982
86468 294699 50184 88521 47411 82531 159666 273066 359969 178992 277520 288267 42453 276761 196030 92904 74287 26580 164223 380997 149406 175073 319900 9307 214083 47569
252493 316563 227893 329402 114546 314362 340454 281082 119235 104217 363613 395254 377283 39935 174246 371155 328202 216699 247916 240585 25955 322204 383517 190179 19553 132923
81604 339453 142231 295687 103375 394724 212250 331268 40478 43148 361982 97284 324230 197570 201501 4196 192824 295136 44131 83422 266291 88685 16473 114208 329270 42429
152764 312788 348960 172317 45711 146916 228122 304294 42603 331497 15370 371205 379118 172201 130706 57452 269485 171288 255022 187339 175484 164198 198827 335967 247620 65119
24653 264094 295679 353923 22875 48443 266711 88187 337112 28775 235103 165234 49421 277706 96732 64792 365263 192202 236993 95969 249654 222830 267258 104677 126521 159094 268875
325349 95062 232848 106820 119715 96942 118851 189990 236169 283646 173054 324356 220758 201829 159459 102344 367602 153517 199076 32394 235132 391278 385739 331102 357285 208570 314712
61962 51443 190158 47189 376792 285220 396389 83612 121287 209683 318815 311278 45852 202461 200684 370208 23219 118865 246019 241916 86467 115888 40992 118862 351021 148623 104601
398475 105908 29523 29539 284222 80967 336049 47763 174111 221270 44153 374076 58909 253836 292891 86539 299689 95353 287223 386249 234924 6088 348621 76840 208908 180861 234185
44122 248234 99160 148723 363061 321420 294599 108952 205642 91918 45002 369757 266029 266272 13910 240105 41533 384099 249349 128073 140 61054 131648 102741 295978 254089 51362
89171 62997 348576 39708 107119 196810 138868 372194 159872 176640 383145 268824 98634 75063 30178 68391 57445 296450 198654 13902 54336 182753 263251 182409 182893 324305 30409
1986 336636 284498 169701 25807 63847 118277 181867 170966 31439 37087 259513 307663 213727 242658 292840 312361 34074 323018 97104 91519 335821 295758 221773 390157 194863 85025
288918 94108 9330 319327 96095 62318 320178 265796 204477 384025 384073 386344 271344 15512 23431 130857 323176 353510 89867 216016 265871 240293 255386 362976 48164 191207 375086
269938 181364 169950 354963 70282 264058 80645 105962 360153 142964 26140 225949 347441 10165 326374 333786 281509 58239 73569 128718 97767 27080 334938 30135 292951 175231 285521
372279 223396 76729 63718 93334 258093 233668 164649 44728 97726 245294 150690 174232 388258 176830 181 52052 303347 42908 102190 184857 101147 175759 29927 315266 202839 364865
345401 212143 140097 230922 300774 79845 307651 364492 173179 282097 198160 54180 43177 12239 299474 193867 186471 4085 87049 303004 56137 390396 345912 274679 175253 163411 50438
321533 78677 369630 286398 24078 298125 142847 371353 198899 222692 395356 279744 112223 393805 194256 166403 36982 206495 182230 347201 109318 302667 34250 128675 358804 24647 190939
349835 316252 354351 273 237785 149380 369903 124184 289811 384380 383383 377516 183280 322428 372872 179376 34651 366678 373632 317407 120012 296480 215989 67214 5798 118656 101464
134473 193812 126111 325413 143647 158716 396116 260272 396501 261848 346528 120685 151659 330908 220421 129175 230540 142849 218400 9916 293852 301430 383549 327611 21442 280029 143600
205008 2179 262256 22825 253005 172420 265288 294770 316067 24004 290886 292692 20506 152734 239220 257543 20746 170128 77964 266273 669 220813 84673 126937 231018 102455 110486
158629 240250 106867 302230 45258 225399 280838 68083 78404 169611 333372 373174 202030 357376 380412 94722 94234 249498 333942 351778 386596 104071 146094 252870 221092 83260 53895
348029 314278 156351 174868 72907 112953 398087 375137 158211 223486 372328 342647 18242 141939 276019 107768 343969 349747 204532 38692 160334 54031 88986 112112 156979 309409 258206
126201 130501 341466 180097 194883 372096 52800 369751 45004 282105 367838 136493 40316 307677 108821 382963 325919 367112 375334 33688 27434 41434 238220 182478 201768 8603 271464
30232 281935 180874 4790 8136 27727 62609 304585 222610 34705 73737 192361 79709 355842 276552 216203 396159 184229 41376 95474 226500 124841 187161 376540 152275 228595 331113
334753 146715 339716 322569 176947 221651 103443 181737 346140 131171 244346 250725 70133 279052 324463 378847 75113 280305 255399 7668 392816 155980 165397 204643 382480 290238 391804
359021 158865 336751 290134 209970 83466 346202 132539 260413 284206 352335 42150 230346 199858 2849 197423 269991 281901 238238 248838 73366 234896 104237 81035 227712 376569 246432
148707 359050 253022 140511 34423 11887 77262 40909 221857 160728 387111 70748 137493 387669 23083 295996 334367 222941 298845 131791 209285 297098 370029 58123 370464 321277 278713
167851 265342 255282 14283 14049 330684 383657 270913 365107 395544 348175 6016 333753 225256 109480 4502 79101 97149 143937 375097 147869 83231 273942 279660 8868 287392 366041
66991 257857 287319 62056 142060 269013 33691 156344 283062 364375 140001 153975 45835 251898 218503 168203 302003 160111 277683 22857 239212 91185 166795 214310 239054 366378 204604
235066 375246 91997 317459 158589 66206 321130 220646 208266 190143 254337 80962 73206 335064 337316 227181 380899 305566 162036 149103 207569 322147 143138 230427 161360 234323 113574
92022 189729 196304 296626 24795 171550 104975 342255 46491 287533 263385 267137 212152 169881 237826 9466 243087 172891 63134 186620 270142 368700 348657 135597 292622 387156 278736
239401 148516 229411 69327 240538 19141 265631 253517 160288 37181 74844 102543 200024 78730 82281 67162 290882 252162 21340 16700 211601 310583 79835 398221 180726 164887 63230
316323 57509 50387 311411 13262 315255 140823 82589 272146 159964 348220 125663 320252 101753 316859 139148 301778 395589 337781 85292 2823 306295 106632 19524 117896 17216 99359 232469
314294 380598 295700 346969 154460 62439 258381 167722 377694 115556 250312 249840 275520 314884 91855 312124 132990 8715 167624 34768 120656 221757 236412 123480 128052 59396 259356 245948
76612 358715 194770 107258 55665 90470 54228 210125 152909 28961 377848 130603 144517 344512 96796 136389 259396 188651 164865 108738 313718 48842 259858 34375 270599 96270 274207 398652
155667 133563 360952 348631 208630 155722 55890 264295 362544 226470 74421 231805 255431 168621 362409 116300 113133 175557 252689 88881 364208 133906 197620 394279 182748 57478 28654 53348
270101 19213 168352 25768 269128 129304 90751 194110 1379 146641 174757 363923 89463 365530 195729 61246 134151 274490 177546 363636 50047 146587 168870 130607 396846 366490 124886 179594
140320 269892 349294 126773 289105 117646 152541 274585 363303 243293 68695 364682 106286 243453 44957 312102 208983 240686 373348 59487 231528 267247 23123 397927 130186 191993 128535 127032
274835 369773 22979 131508 239666 372273 258281 245123 89920 127175 119709 53223 86820 304756 134257 309458 264561 179214 221560 73545 136253 194909 249384 367781 178508 272507 365709 308694
180853 210596 35727 55688 180369 175058 303548 136387 147331 161830 381511 237251 5357 217572 6826 92177 238680 141083 1635 103242 320298 339548 293139 172903 134457 142523 140684 29317
15030 222745 338011 195883 149693 90090 367924 46415 265148 271472 182802 12480 149654 280665 366083 271363 98237 89262 363540 53270 230345 81528 156512 266995 21076 49651 39898 271885
192174 296935 301202 323556 236032 239213 235792 385726 45656 320068 148493 310804 307892 331295 39636 173899 328313 122072 45262 142902 211334 8803 196172 158031 206683 352684 141379 227759
118687 297629 215996 310861 194564 117198 350770 146949 72763 186562 249027 118419 222982 397520 145576 130874 45167 301564 304773 373480 23636 350036 116383 234970 75191 312555 393002 398226
381592 134381 225985 100279 32010 158333 127493 342927 275531 78263 206228 64646 381177 55255 299418 204159 52775 44994 51385 214294 346558 72511 187775 86547 22547 20510 321517 214090
49417 30871 212316 31009 281604 154653 247641 29967 312986 375134 372894 304869 169749 179122 369515 150926 350729 268933 71437 119856 30279 239174 334150 93190 311685 238277 179737 50584
258787 393728 393728 217606 264674 24557 364830 193342 55566 246434 347995 19559 276401 377333 394693 365647 282202 164442 261121 368070 31720 211850 237003 219509 331706 383635 58684 382209
393728 393728 193177 86721 393728 220486 372914 137306 195626 306872 1980 220183 271702 311675 392101 118137 259670 128013 110890 237004 122706 76538 235558 3501 54011 203628 151573 265862
156984 371083 313920 256971 146119 296129 50148 232840 232968 23062 86498 144946 46286 204831 81481 317989 116506 73582 152478 92528 317947 263368 45884 40654 56258 281443 160507 110270
201423 312080 92484 358407 399515 6404 215378 261986 18886 265526 211179 251854 4940 297677 396800 51227 102508 78281 85568 335366 268215 238046 27895 186163 217766 73779 343169 274025
355222 103676 100647 156646 132108 193131 231405 131624 315887 46784 393610 334773 28662 204789 302979 33603 218819 299779 201182 321327 94412 286750 373046 78980 241148 941 381495 58914
74720 324664 49291 146295 144692 149938 19293 276800 59421 250698 124776 375309 13834 234739 26434 158849 39528 329414 308804 374699 345545 109986 12379 156310 113088 385425 235290 354236
386366 333137 129502 177438 257801 295146 323733 118845 45084 59378 111997 220858 26429 236774 312519 156615 71513 338953 315464 227393 384719 224268 202093 330265 50606 214472 86575 280046
199897 38217 350634 302615 371354 80137 80053 345507 375283 120139 64352 136719 295869 292701 73929 322298 129475 386448 78914 317340 41754 110730 144734 26473 51351 63179 73090 101957
277651 159665 382004 193900 314234 332638 212867 285588 129127 292920 347447 220762 129411 128151 73834 25281 20853 147763 63931 150328 250564 259197 184021 292318 369928 328755 35143 21279
108286 108234 239588 102289 384251 221592 296189 298486 270583 225408 300426 116062 118328 247874 336825 364092 376025 10659 105725 396878 274774 169656 263559 125338 28854 47580 17656 398782
92687 52800 136413 200973 277386 376001 303262 261637 313946 315803 160123 300881 141211 60550 16943 375891 308424 70120 56335 801 80779 162060 397680 71906 331717 261239 197244 360571
25171 214901 75705 117858 384053 212118 35183 261439 188119 54797 123076 218417 370600 399552 119298 228163 176454 136242 320406 201230 322714 376742 202031 119846 138802 199711 191752 70519
177302 388996 147442 318825 203897 223147 36683 304302 35265 188218 165741 339737 243015 5170 158154 329967 4722 393805 158130 297528 246399 78537 98758 169113 55279 300789 288959 310433
216853 80711 380953 394155 186060 128395 29333 106309 351543 66016 10612 103160 370587 292705 159249 213602 297875 33756 259922 18949 27561 134404 32829 273960 212941 131587 159425 384572
148729 164737 11358 365582 361800 392311 76089 147860 237058 105422 254170 304953 287791 381134 8114 258378 273839 283715 188332 288067 317471 48254 23368 345032 182659 56198 335344 111952
304137 211122 212877 52866 375859 224235 18448 337659 332898 210890 85520 169956 316312 56042 74910 320455 37176 199376 295185 27367 83091 83518 315434 563 248124 55155 61947 147135 227705
113644 259088 131842 324766 188317 301061 16977 128904 319509 354636 61802 246751 156508 231758 279416 212550 23020 199871 366078 222396 95057 393446 21840 294927 25232 22403 143051 196739 200702
290187 24444 314346 265627 272639 355464 170296 173700 372441 299200 93209 43430 77354 56313 199938 25464 335729 128841 48485 251952 211271 387233 63361 204717 9073 358288 346302 31476 101340
143041 348531 107879 167486 379229 89858 40125 51046 260154 213825 139839 159354 23386 183269 236708 196051 99560 378524 131780 344753 27009 100085 156024 14243 163446 77094 23316 121735 23396
171145 339427 166437 236028 163658 50275 215257 253516 206752 266303 113670 136929 6143 389376 276668 305764 342436 72719 5324 320960 320852 66429 64322 20937 222454 78565 300735 299548 218233
22470 322944 105730 78249 205733 341758 241907 372361 157016 95423 179113 139671 325445 316043 262166 314821 192711 167931 373609 381782 289607 294570 302634 356037 358892 39923 178491 153809 340659
194391 372042 79481 233687 194125 157731 39420 135883 399638 11781 9251 211414 307247 265275 136859 339642 127441 51681 248705 11724 25290 230487 301332 36212 249474 373721 395104 289397 268564
148913 346408 62955 237308 25890 296642 31433 183621 52414 283668 299611 64196 9272 111025 87795 274547 247885 27437 118340 15918 276142 130065 41208 106629 31397 193773 356103 121470 188877
361853 390034 54143 308261 169341 7803 334151 65983 155588 234124 118397 155608 133736 298945 164880 361113 386740 39427 208998 14177 157768 224916 290319 4185 382477 113301 151934 176250 185756
273404 81479 147609 263438 251974 172223 32779 376129 106374 215114 131717 56851 49863 287326 306939 348809 168558 268052 51901 207986 77051 182431 82106 18319 72750 86291 117148 302403 238225
9750 88160 111629 207582 352121 91419 59556 124344 240550 35686 347071 172016 283755 3922 221879 287433 310861 287040 55992 295265 338942 380330 88668 121373 62436 106988 310475 265079 340488
329231 219656 66591 17391 47637 274173 85864 139056 333729 210209 95958 85767 273632 267974 85875 393906 206205 373308 304767 93246 29300 316384 148540 9630 5053 386265 188418 228393 13092
169849 168881 342323 389505 235472 76066 37142 225997 161931 292550 159727 88492 104860 361846 362124 89186 47721 356030 295392 21030 377149 104990 166682 293533 369882 292665 298586 356147 81083
243331 369239 393728 393728 367285 12213 311563 356790 364037 103981 393933 190035 265912 2835 66114 70756 107696 144312 32880 196882 308386 105262 208626 329416 82411 313616 212450 92297 283498
393728 105115 107235 393728 393728 355997 302551 350567 325237 269836 79132 353152 342978 43169 173485 53263 349556 155750 56099 132022 226506 280147 276335 375739 193381 184721 81001 2008 230489
393728 393728 279765 31976 159291 88414 31827 380759 195649 387824 283310 146216 29413 269498 341700 98917 328828 101222 272403 382092 50778 28153 154543 299153 371011 34690 175488 346750 228071
76561 393728 27752 346431 23402 23869 378408 299045 112283 10235 279804 24284 114411 279466 170501 143825 265316 228553 359094 194145 329775 347849 176237 380554 92354 47132 396059 63366 81822
171547 10116 26245 364460 154220 372677 104214 178089 351085 3259 6724 77672 283064 31009 192083 162530 317862 52260 27847 146415 11355 221992 76191 75556 114581 173097 167911 161713 169156
347629 359887 57055 357745 386132 137867 228318 358809 242081 122759 26246 361692 129484 103918 244756 276845 296002 123639 194707 64614 267838 57474 192321 206182 250017 267878 37115 23114 152141
198828 308622 99770 275067 82029 173867 261199 219896 2185 336361 178329 124945 362607 140022 370781 182878 101130 363978 78880 341121 275037 259846 208959 332511 52168 15141 182529 320046 168608
321995 188539 83788 346970 288309 358855 28999 62176 336407 248896 64362 272768 143577 305659 351727 399951 392792 134605 101082 356770 329837 42203 348159 189684 367515 280670 358204 99008 179551
278250 267617 217899 66789 351405 164869 71450 310261 193868 133626 246668 159116 314340 235788 19046 336351 187515 18997 329143 38473 120079 2265 368310 278635 350424 274346 362502 347447 232550
61510 126998 227152 45479 61249 10293 396885 226118 81743 23498 136339 215370 386518 11807 129710 222306 30853 182414 126173 49851 111557 164646 286282 230175 132957 281269 296951 7303 243771
244398 356206 305282 87749 183358 350761 148998 193652 63998 91469 275395 87496 344160 90765 74014 355967 336828 12672 103173 235594 138846 269376 347151 19844 155658 293678 269153 153280 190630
392809 397051 151380 349015 18685 239129 132373 85799 104480 326025 149797 195949 201421 353646 256461 8538 144012 212428 61718 156685 31953 297312 11883 301329 360816 148079 173340 254494 17233
326620 161476 10042 40023 312857 359057 58709 151986 91430 260860 372818 17456 10657 285119 335229 80655 141580 343767 224668 70361 121838 97705 102314 135502 225940 119996 96318 374019 293336
67165 391252 336308 228641 1294 92683 141498 360351 151392 9837 168134 12252 382655 185590 139262 267775 237171 219917 9355 297290 160937 196068 19128 258642 298383 154631 200934 18379 367301
174954 28067 34466 166206 80727 263108 283853 173410 120958 360556 324803 130795 128690 53407 229803 30632 309021 97578 267803 245291 223285 165094 122580 19354 300574 381223 34089 55205 298509
52468 22507 73463 196887 173325 356022 277614 36433 239875 51024 273744 316783 92179 4539 45474 261939 234342 76106 287312 48272 60262 248955 271558 341708 371536 7264 242282 69111 41353
13840 367620 210173 36347 41084 7060 326024 397106 1026 362458 353333 52050 236202 270116 260582 357093 31942 238873 307788 224401 126185 356060 284663 375141 343970 226371 346677 351234 185005 15788
392587 198845 383408 202760 235192 140844 326172 277569 137950 327198 240027 207635 95601 192581 77752 356183 266026 109694 195056 173814 50447 37593 129875 335110 12734 73845 277833 359411 25080 62839
91551 134019 261684 74960 53132 213229 332156 379304 90798 70107 306503 47177 394094 118456 356110 188198 74639 222136 14245 386047 112303 64692 23640 242178 399803 152727 32375 393988 112138 173807
56827 320042 24179 34864 111354 77311 364445 43510 56615 55243 229969 79470 218772 224064 197926 174882 12262 388917 113370 26507 91316 225673 91200 231309 184203 207355 384036 216579 201343 212526
106738 374523 132568 130917 125739 360274 208228 90184 3785 381196 261779 233754 177018 80551 57818 91297 371785 186433 80214 85155 212940 287883 310829 20492 119192 95032 227847 219580 27963 145543
32106 251054 236418 281027 381971 362157 241301 306552 52341 245086 287748 314120 195193 64766 394671 369363 156063 366456 155796 352630 167963 85089 356865 195144 105581 192409 290177 49781 11989 34492
195324 160447 1898 31742 41474 383870 393899 282776 6774 162592 244214 294522 76712 155759 75640 187735 125123 348056 270543 280919 17038 38506 82360 373903 233651 187942 282664 240180 237723 294653
391024 149399 55100 392923 181141 212927 93145 291392 95703 99919 53984 56269 110793 247048 212029 302785 34783 53504 367193 21678 50775 384231 176536 133136 74486 126539 321078 357150 366719 275153
368155 74096 24552 23256 183371 322045 236183 276516 329789 48238 92787 383773 220859 203580 347173 149240 222717 98308 202744 189911 119986 253520 290494 296522 103008 81333 23062 140438 154835 106133
15591 122991 180229 156495 262599 363600 78540 215134 356468 8329 263372 49255 108454 200583 369187 55627 349824 308257 153935 268920 214520 390273 238792 105014 286795 341800 302699 26209 82238 57535
248695 214181 180526 145276 370676 43125 225229 165568 258259 181697 290249 237983 347305 115055 154918 32844 287034 221094 341101 40969 90015 155621 31242 45159 376988 34390 103312 279687 176951 301902
337222 25646 116084 234100 287275 203112 393577 112504 85033 251836 10553 375282 206171 357858 206690 361090 390703 93724 182184 48156 251046 388551 320130 398640 150063 297118 33030 253375 293157 326334
155277 346732 68332 387713 180832 355607 190826 174410 184463 275859 142598 195017 367493 348770 152875 174183 26212 259930 384260 324748 24439 235306 313300 344569 233946 179715 358039 383329 33090 367548
309663 188367 314280 393728 94347 292433 95113 166307 83259 269523 350770 75470 128473 145787 159315 77243 15015 49851 219807 391297 34111 144556 15736 269417 174208 76657 103363 353923 151048 203044
387013 118597 229059 393728 291732 32877 323407 184165 127990 89714 383776 113865 40484 59246 242339 302624 334914 35934 317639 384765 255742 308936 18876 116650 41025 4645 290858 234034 224360 361133
393728 393728 385083 27405 64498 103680 256464 356230 252909 179871 256748 97252 385937 356876 327469 142774 132475 169808 45398 67389 322095 79389 52154 294189 104677 71030 127191 262054 192027 18049
96089 393728 16387 95534 197524 43792 160032 301204 300257 116262 270465 196480 89362 367717 182418 46239 295187 41544 295066 181347 86942 362455 219794 282683 14609 230335 387360 201991 357526 249415
394018 393728 375575 61856 10405 71109 259380 170550 347493 276936 70807 63756 147401 383639 269470 231471 282409 32061 126658 323953 327127 24357 127247 289582 244152 9930 20543 74487 113643 338886
32014 393728 79410 49256 123941 141266 176014 311403 646 346564 258896 393934 133723 39004 141335 117362 24827 372806 399772 56888 215816 323725 100368 356526 50973 106302 317030 177255 126846 107869
290898 182084 256235 370308 231341 380177 227926 7355 7932 344924 70271 383180 338858 203994 138537 196546 37708 163364 285704 37480 336604 217873 77558 36972 174399 244883 143275 91429 22138 386473
199298 29389 168557 55534 399697 399898 152063 343976 123605 276347 288900 193876 375879 227759 397870 114416 140657 35579 394132 26361 189411 330737 244234 266969 84061 18633 228204 227336 226414 250343
330161 25713 396084 98719 197599 112133 214969 66014 56109 338575 58713 345010 132451 34592 289121 130322 265361 29778 282253 259493 56139 71664 306582 16726 54986 390644 35359 283190 334332 378126
249885 264494 120191 245969 79565 317790 358103 294534 100156 130564 233109 158869 191926 365561 193461 81047 212235 58822 227177 94488 34668 399669 282504 341250 16395 337490 331894 168106 220681 382579
146232 186918 363425 266423 32888 42990 300565 107343 337524 721 237907 170634 159590 29834 252547 69404 227233 181134 244578 54411 275622 279246 54080 158126 220497 70475 211969 268743 238581 32650
367674 101166 219568 331099 367589 368808 374089 268155 192503 311614 385228 30411 198600 261171 176597 167499 330575 3830 348633 291505 174593 340607 170752 228673 215085 107601 15500 27054 92696 370434
176056 60371 71600 111977 107822 155541 80785 81912 140048 273289 109878 125277 20052 24830 386448 196649 192329 33375 316831 257314 324880 91425 197921 211984 36450 13006 319585 51951 40061 128634
22385 332469 305357 210337 44446 13179 365878 241584 95091 222279 231225 321321 347556 251277 346151 50356 164278 254832 83731 81109 112146 124963 288886 26419 336948 325337 155778 372885 377288 312191
101519 116025 244660 6876 42714 289107 136408 124944 130691 231499 347223 361916 269173 294779 329545 215324 345135 93823 186509 145218 291284 15007 270182 296523 41427 207130 221860 197205 296367 315500
109396 397887 31525 354056 121115 74239 359515 257523 199183 206558 205375 262759 284826 190900 157538 214371 6224 219026 24546 309085 80596 32183 324093 350778 328706 365520 274260 266918 279077 170628
182418 104825 284867 213943 175233 122334 4534 134749 96210 320069 57659 17937 182828 342486 208837 56719 273209 331413 392097 14108 240499 72693 162643 164592 139824 207701 246464 130436 74619 241893
