15 20 13 16
-13 2
1 10
2 8 1 9 3 5 1 7 8 8 6 5 3 5 5 1 1 7 5 5 
5 5 9 8 6 6 5 8 5 5 5 1 7 5 5 4 1 6 6 3 
7 6 1 2 6 4 9 3 4 3 3 4 7 7 8 6 1 1 8 7 
8 6 5 2 1 5 4 9 1 4 7 9 1 4 8 8 9 5 4 8 
2 8 1 2 8 9 2 8 9 4 5 8 3 9 7 4 7 1 7 3 
9 6 6 4 5 3 4 5 3 8 7 8 8 3 7 9 1 6 4 6 
8 5 3 1 1 9 4 4 4 5 5 5 6 2 8 6 3 6 8 3 
1 1 7 3 3 1 1 3 5 7 2 9 5 9 5 4 5 2 7 2 
1 8 3 4 5 1 9 9 2 2 1 9 4 7 2 3 9 4 1 4 
2 5 9 8 4 8 3 7 7 5 5 3 1 6 8 9 2 3 6 6 
8 2 1 6 5 1 4 6 4 6 9 9 9 4 6 3 1 8 6 5 
7 3 4 8 8 5 2 1 7 9 6 3 9 7 2 5 9 2 6 9 
7 6 1 3 7 3 1 8 6 6 4 5 3 7 3 6 2 5 6 6 
8 7 2 9 2 5 9 6 2 9 3 1 6 8 8 8 2 1 5 1 
5 8 1 9 5 8 9 5 3 1 4 8 4 8 4 4 6 4 1 3 
