20 15 14 7
6 -9
1 10
8 2 8 4 3 3 7 9 9 6 8 2 2 9 3 
3 1 8 7 1 2 5 4 7 5 9 4 9 2 4 
3 2 1 2 1 3 6 1 7 9 7 4 4 2 1 
5 4 9 3 9 3 4 3 6 3 4 6 4 1 7 
9 6 1 8 6 8 8 5 6 2 8 1 4 3 3 
1 8 6 4 6 9 7 1 1 7 5 5 6 6 3 
7 9 3 2 2 5 1 6 1 1 1 3 7 5 9 
9 4 9 5 9 7 5 7 6 4 5 8 9 4 5 
2 6 3 3 7 2 9 5 7 5 2 7 7 1 1 
6 2 2 5 3 5 6 4 3 6 5 2 4 5 3 
9 5 6 1 9 2 1 1 9 4 6 7 5 4 7 
7 5 4 4 2 6 3 3 8 9 9 3 5 5 2 
4 6 6 3 2 1 6 2 4 3 2 2 4 2 5 
4 3 2 8 2 9 1 4 2 1 1 7 7 4 6 
6 2 2 5 5 6 7 7 6 4 8 9 2 9 9 
2 3 4 4 5 6 7 9 4 9 5 9 7 1 7 
8 1 5 5 9 4 7 6 8 5 2 3 5 3 4 
9 4 9 7 6 6 4 8 9 1 3 1 7 6 7 
4 1 1 5 6 4 9 1 8 8 9 1 3 6 8 
8 2 1 1 2 9 8 6 4 4 8 2 7 8 2 
