5
501263354 
660987305 997445126 
726938403 992840911 
627927611 781515405 521694636 
914909492 433011878 850571313 
695007103 784267062 155329875 
437817813 150201667 560190127 26313288 
806559761 938265720 355500752 203906831 
602360069 240835547 156906041 840542387 
311072276 770288391 661321492 367179977 
236174674 929843110 145437337 820879123 550607447 
222830503 581507777 399570619 263254133 117884847 
996929519 43493335 639986644 704647708 235914397 
277010642 978113561 264549112 884533001 320843749 
352834527 384767838 97191998 379553907 494682632