6
468304305 
315082495 329886972 
153909073 781531035 
541698610 996226554 390987908 
218045510 699416609 735001186 
229156343 434182790 833127658 
432999290 59391578 391058647 440294686 
583353815 51636512 798696589 893483641 
504766825 568759038 930279973 394535269 
220361383 358450358 602802206 427615095 
987960949 609023713 566170528 430571855 434958772 
875648595 130382386 431971750 228564181 725055527 
484872689 872170909 129328788 185955224 670527339 
261476935 353208218 412146949 410750303 752050874 
861929036 459583752 993388143 85623319 151103962 
919596225 725387955 33711337 935816508 360304894 629307184 
758835062 84141362 899910693 544506319 76224588 101696289 
656789854 62149934 78075748 769089594 59294108 40420201 
143931026 410965112 31972592 111190211 215396092 821734920 
295176807 447032121 37581973 157653986 400597437 856351798 
705521328 213635131 548616782 858263397 143730300 983201328