7
571006958 
670170036 64190306 
28064272 698716775 
992254445 540982400 487759514 
427460386 798185969 779246689 
19834493 674332771 37521375 
717384791 850087875 270560125 621608491 
11379274 409628914 865669285 37814404 
904735696 623193410 867309717 474790553 
183814643 452031369 509881027 592920547 
286155575 795231771 412955440 913907981 857706532 
187184189 561232883 697205965 954316524 358218703 
638588531 730651346 374254351 864655601 143196159 
739939991 811068896 819769934 418416623 53541476 
980315827 289282703 675577978 753453624 717418961 
845583301 498223003 784534882 499443670 422332509 300240070 
732065976 21848148 929033919 108221097 904639188 292620470 
106622522 996225661 154361082 710915251 862622150 725960634 
551964212 700753604 667166832 339689592 66722036 688380291 
886907955 634436878 200782629 561934563 7707007 172186552 
967041810 969035789 904857928 299600826 716460862 587306931 
980770887 90106874 404007093 229399609 94466288 385549888 682411370 
34843497 22542852 814240417 625610265 559336124 67196307 173109318 
833962038 888969358 673346214 896431146 730118729 895638016 580219533 
174703657 7955005 767734976 526348538 178125067 911689528 220535295 
288106842 755886586 377911586 430465550 671613689 19570515 249795163 
895184840 847388367 29715732 745210892 926364888 95412270 602761191 
455598612 152819079 47537865 228321941 199690089 875546567 302214437