8
164805829 
897000003 747949147 
459699164 503499115 
436255062 327027152 554292350 
647773111 826215070 552109429 
161898592 527543190 469136048 
875208338 292476111 592916862 710248981 
958340337 291705770 381006679 621659898 
234137528 722458587 26427633 114393476 
689616937 247362846 456591894 11424808 
943218800 530849872 822583201 832567022 476600970 
514702234 985058047 289935343 656008870 405993912 
458661633 472782238 20694861 168286045 325347419 
684100714 456022485 75773511 450627751 608753920 
379631166 800901750 949556347 481126049 852041026 
792177717 533055141 671911377 733642155 352088456 213083581 
165959850 684640027 636330624 66038781 289589096 701525759 
853923916 411726614 303981396 63891159 499249715 364354912 
840062325 579221931 608320018 67403135 482328242 771812582 
705856063 234158103 112412280 979131434 734956815 766185599 
852857155 437798638 796869660 853768535 759403559 171664261 
752843939 235970651 498402900 263945744 16068630 813213050 516303022 
790439280 31944388 334643820 39034019 422675832 264816643 425003118 
214199139 629104049 935973047 114502200 518956553 777259646 983938605 
647036723 65853524 85836857 930323463 594387584 796261050 941853998 
673217806 553695581 367430896 336703916 752318807 303379692 516462667 
579977265 82062201 378958246 29237604 837662876 450837681 345350926 
797867583 380115769 701452031 566134182 527441015 971345314 238381753 
151024568 284072518 202328289 259091194 729812565 714391227 382757914 738947461 
387159589 751628899 444818552 344914193 808455570 470161226 285797424 280145002 
351582697 357036145 574056415 310745079 690779184 736557097 649038963 765652797 
959656938 819645525 392050791 159111677 679054485 224634506 85934649 833721815 
238992746 485900864 406279437 731160853 371920089 380700000 553091102 640534697 
237253644 978347428 182262843 556144134 22262321 234166559 430672513 703252655 
872578275 403997869 650157361 802460842 648787454 969370249 97237998 127110444 
451935989 676212711 195796893 662204699 28268859 419563171 892853077 776665463