8
529562407 
73389154 833975654 
257654278 111411234 
466299961 378950789 18833879 
44133025 305234409 788107793 
777116066 551083026 194545422 
361529809 142788723 53700447 741476414 
860248949 845344237 682164879 654678285 
148861759 407302402 802495924 31007640 
551842960 840559842 544263139 558769695 
869436869 988321262 67636370 186919600 287918410 
905498507 997985928 663310060 283486101 94537761 
122670800 369259784 777235773 174470376 584088123 
659853023 982917243 760090243 654647119 973436348 
642792591 317199278 686007591 131585951 203422737 
913082825 210356253 327310418 776266837 325245955 214149897 
51898766 302872266 649788918 580121159 961135916 691757987 
794570950 445435175 104980507 587597396 859950188 566634152 
311387368 887426125 262092371 868357574 156525043 379404978 
915819114 368911547 875268780 139764697 611754542 549722726 
252065434 634783388 300586743 244612971 331426159 928065683 
43953340 917696122 687715581 421434188 623002251 71261164 267184459 
410671295 910048864 276151945 264370184 193208946 789190913 256521004 
244551235 611598871 288099990 776328759 621788985 727438090 529362345 
285831797 433712383 544623214 447457118 311339162 128668804 732517632 
229291192 559054067 71128651 535730834 872534819 826579634 554620033 
562238429 109528189 838124037 511911508 844040462 800976168 649729443 
844024367 555474124 860442396 104891234 268579995 249645993 519358534 
53117867 840898185 124070508 370434150 157266164 708065565 152085047 153035924 
649601975 79333750 226725896 878417067 517792701 94419381 1611450 668216229 
130170352 977357170 64740952 191158646 227291870 988000490 577058728 542307602 
282379762 554721828 626116098 817912319 399096941 96055971 370643848 250724604 
330968319 844396044 160628219 736769672 866520247 184061786 365035850 289985589 
442956185 75881083 280995431 58100855 710667295 156187197 364195753 386153902 
827472384 694873335 844027548 177175974 670503871 94084282 530824957 219042213 
772453530 263332341 466007258 403577326 193253719 524950493 734395963 93544248