10 100
204
0 12
0 13
0 15
0 16
0 17
1 12
1 19
2 16
2 17
3 18
3 19
4 18
4 19
5 17
5 18
6 17
6 19
7 17
8 18
10 22
10 23
10 24
10 25
10 26
10 27
10 28
10 29
11 21
11 22
11 23
11 26
11 27
11 29
12 23
12 25
13 25
13 26
14 25
14 26
14 28
14 29
15 28
15 29
16 27
17 27
17 29
19 29
20 31
20 35
20 36
20 37
21 32
21 36
21 39
22 36
23 34
23 35
23 36
24 39
25 37
25 38
26 37
27 37
27 38
28 39
30 40
30 41
30 42
30 43
30 45
30 46
30 47
30 48
31 43
31 44
31 45
31 46
32 43
32 46
32 47
33 43
33 44
33 47
33 48
33 49
34 45
34 47
34 49
35 45
35 48
35 49
36 48
36 49
37 49
38 49
40 52
40 54
40 55
40 58
41 54
41 55
41 58
42 55
42 56
44 57
44 58
45 56
45 59
46 58
47 59
48 58
50 61
50 64
50 65
50 67
50 68
51 63
51 64
51 65
52 65
52 66
53 69
54 64
54 65
54 69
55 67
56 68
58 68
59 69
60 71
60 72
60 74
60 75
60 76
60 78
61 74
61 77
61 78
62 72
62 76
62 77
62 78
62 79
63 77
63 79
64 75
64 78
64 79
65 75
65 76
65 79
66 78
66 79
68 78
70 80
70 82
70 83
70 87
71 81
71 84
71 85
71 86
71 87
71 88
72 82
72 83
72 84
72 86
73 84
73 85
73 86
73 88
73 89
74 84
74 86
75 86
75 89
76 86
76 87
76 88
76 89
77 88
77 89
80 93
80 95
80 96
80 97
80 98
81 94
81 98
82 96
83 94
83 96
84 94
84 96
84 98
85 95
85 96
85 97
86 97
87 97
87 98
87 99
88 99
