100 1000
200
1 11
2 12
11 21
12 22
21 31
22 32
31 41
32 42
41 51
42 52
51 61
52 62
61 71
62 72
71 81
72 82
81 91
82 92
91 101
92 102
101 111
102 112
111 121
112 122
121 131
122 132
131 141
132 142
141 151
142 152
151 161
152 162
161 171
162 172
171 181
172 182
181 191
182 192
191 201
192 202
201 211
202 212
211 221
212 222
221 231
222 232
231 241
232 242
241 251
242 252
251 261
252 262
261 271
262 272
271 281
272 282
281 291
282 292
291 301
292 302
301 311
302 312
311 321
312 322
321 331
322 332
331 341
332 342
341 351
342 352
351 361
352 362
361 371
362 372
371 381
372 382
381 391
382 392
391 401
392 402
401 411
402 412
411 421
412 422
421 431
422 432
431 441
432 442
441 451
442 452
451 461
452 462
461 471
462 472
471 481
472 482
481 491
482 492
491 501
492 502
501 511
502 512
511 521
512 522
521 531
522 532
531 541
532 542
541 551
542 552
551 561
552 562
561 571
562 572
571 581
572 582
581 591
582 592
591 601
592 602
601 611
602 612
611 621
612 622
621 631
622 632
631 641
632 642
641 651
642 652
651 661
652 662
661 671
662 672
671 681
672 682
681 691
682 692
691 701
692 702
701 711
702 712
711 721
712 722
721 731
722 732
731 741
732 742
741 751
742 752
751 761
752 762
761 771
762 772
771 781
772 782
781 791
782 792
791 801
792 802
801 811
802 812
811 821
812 822
821 831
822 832
831 841
832 842
841 851
842 852
851 861
852 862
861 871
862 872
871 881
872 882
881 891
882 892
891 901
892 902
901 911
902 912
911 921
912 922
921 931
922 932
931 941
932 942
941 951
942 952
951 961
952 962
961 971
962 972
971 981
971 987
972 982
981 992
982 992
987 991
