300 50
10 2 10 12
19 5 7 10
23 11 13 15
28 15 11 12
29 21 12 8
37 23 14 14
49 32 9 15
54 46 13 5
57 47 14 13
60 55 12 13
71 57 12 14
72 69 13 10
78 75 12 15
85 78 9 13
93 90 2 8
94 95 10 4
96 98 14 6
102 103 13 6
110 107 15 5
112 109 15 13
126 115 4 8
128 116 6 14
129 125 11 15
132 130 15 14
133 133 15 12
138 136 12 12
139 145 15 6
149 147 15 10
159 154 15 9
173 160 3 5
175 162 5 10
177 168 5 5
178 170 11 14
181 178 11 7
185 181 9 15
189 191 7 11
193 200 10 7
194 202 10 13
200 204 10 15
202 213 14 15
208 225 15 11
222 232 12 11
231 241 13 4
235 243 13 13
238 248 15 10
245 257 13 12
253 267 7 3
254 269 8 10
258 271 13 13
264 279 15 14
