500 100
14 6 11 7
15 8 11 8
16 15 12 3
27 17 8 9
28 19 8 9
34 27 7 8
36 32 11 7
38 35 12 5
41 39 12 5
51 42 11 12
53 43 10 12
61 50 10 12
67 53 10 12
75 57 11 12
77 63 10 10
78 70 11 8
85 75 6 4
89 78 5 9
93 79 12 10
96 81 11 11
98 83 12 10
101 89 10 8
104 90 12 10
105 94 12 12
115 103 4 6
117 106 9 4
118 109 11 6
127 113 5 5
128 115 5 7
130 119 12 9
137 127 11 2
145 128 10 9
152 136 10 9
157 138 12 9
159 139 11 12
164 146 11 10
174 154 2 7
175 159 11 6
176 164 11 5
179 166 9 5
187 169 7 10
192 171 4 12
195 178 5 6
198 179 3 12
200 184 6 10
203 191 8 10
208 195 10 9
213 201 11 7
214 202 11 11
215 209 11 11
222 216 10 7
224 220 12 9
226 221 12 12
230 232 11 6
239 236 10 5
246 238 7 5
251 240 9 5
254 241 9 7
262 247 4 3
263 248 6 6
267 253 8 8
269 260 10 10
277 264 3 12
278 269 6 11
282 277 10 9
288 284 6 6
291 285 12 6
297 288 12 6
307 289 4 11
308 299 10 7
314 305 8 9
319 313 7 6
325 318 6 12
326 324 12 12
331 330 9 10
335 339 6 7
336 341 11 12
344 347 9 9
347 348 8 10
354 349 12 12
362 360 12 8
367 361 10 8
374 367 10 10
379 376 9 9
386 380 8 10
392 387 8 9
394 392 9 5
401 395 6 12
404 396 9 12
407 402 12 11
417 409 7 12
423 419 2 6
424 422 2 9
425 424 5 12
426 428 10 9
430 432 8 12
434 435 8 11
437 436 8 11
443 443 9 11
446 451 10 8
