1000 100
5 18 12 11
6 24 15 6
12 26 11 13
13 34 13 14
16 37 15 12
19 40 15 15
25 46 10 10
27 55 10 4
29 58 11 8
39 65 10 8
44 66 11 10
51 73 13 5
55 74 13 9
60 77 13 15
63 87 11 9
71 91 9 13
72 102 14 5
75 106 12 3
80 107 11 11
82 114 11 14
90 126 7 13
93 129 9 13
94 134 10 11
95 139 15 14
108 141 14 14
121 151 6 9
125 154 10 13
131 158 5 11
135 167 11 15
141 180 6 6
144 184 4 11
145 188 10 14
149 197 11 11
152 199 15 13
161 203 7 15
166 204 13 15
167 205 13 15
170 212 11 10
173 216 10 11
174 221 12 13
184 224 13 15
191 228 9 12
194 233 10 12
201 238 15 12
214 243 11 15
224 245 9 15
228 246 10 15
232 252 7 13
236 264 12 11
242 272 11 5
247 276 11 5
251 278 12 5
262 281 12 4
271 282 13 6
280 286 14 8
287 287 15 14
291 292 13 15
294 297 12 15
297 309 13 6
298 310 13 11
304 311 8 15
305 316 10 12
314 320 9 13
319 332 11 2
322 333 15 15
336 341 3 11
338 347 13 13
342 348 14 13
349 355 13 13
351 360 15 11
358 366 15 9
361 374 14 13
363 382 14 7
367 385 13 12
369 396 13 3
374 397 10 15
383 405 13 9
390 411 10 11
394 414 12 10
399 423 11 14
401 435 15 9
408 438 9 9
412 439 8 14
418 445 4 14
421 446 12 15
431 453 10 13
437 455 15 13
446 463 13 15
458 468 3 12
460 479 3 11
461 482 11 13
468 485 6 15
473 489 5 13
476 497 13 9
483 503 12 13
489 515 8 5
495 518 15 13
496 524 15 9
499 532 15 12
509 542 7 14
