1000 50
29 10 36 36
37 28 48 29
57 40 39 37
89 52 21 50
91 53 48 50
109 82 50 24
146 89 38 21
179 93 36 26
194 113 42 17
227 126 46 33
238 132 40 42
261 142 19 44
263 157 25 35
286 189 26 34
300 194 24 31
317 211 43 44
330 212 43 47
337 257 43 36
345 259 47 36
386 266 46 44
426 290 50 46
438 313 49 27
467 322 40 40
483 331 42 45
516 350 46 46
517 367 46 32
561 383 34 36
587 404 49 28
630 430 37 16
651 445 26 28
670 450 34 25
688 469 49 17
700 478 46 30
733 496 18 23
744 509 38 14
766 516 38 11
795 517 34 16
803 528 28 40
811 536 48 36
813 562 50 18
821 563 43 19
832 581 50 23
835 588 48 22
865 590 47 40
904 623 48 9
932 626 25 42
953 665 13 35
956 667 19 47
964 673 34 45
990 699 9 46
