50 16
182 261 482 532 632 677 789 1353 1362 1631 1760 1862 2014 2144 2381 2490 2971 3122 3551 3669 4012 4099 4233 4662 4829 5124 5701 5842 6258 6651 7137 7352 7767 7772 7773 7783 7862 8114 8533 8543 8572 8673 8728 8869 9212 9250 9260 9280 9791 9894
50 13
193 199 215 864 1150 1625 1704 1999 2215 2299 2701 2735 2791 2892 3095 3127 3318 3458 3535 3733 3949 4057 4226 4589 4916 4951 4999 5022 5270 5536 5598 5856 6097 6321 6397 6436 6583 6612 6620 6813 6970 7184 7189 7971 8186 8304 9163 9198 9251 9592
50 4
526 920 1364 1703 1836 1848 1995 2114 2135 2167 2475 2622 2775 2946 3117 3145 3404 3518 3683 3734 3989 4886 5103 5132 5169 5590 5618 5835 5899 6036 6207 6255 6298 6464 6706 6776 7102 7112 7602 7742 8030 8632 8736 8851 9154 9172 9187 9323 9397 9629
50 21
19 64 116 462 466 520 910 993 1035 1177 1209 1476 1479 1610 2570 2633 3203 3247 3256 3347 3425 3593 3611 3664 3897 4100 4363 4617 4788 5230 5276 5705 5732 5779 6612 6651 6960 6969 6975 7264 7301 8207 8359 9126 9303 9389 9415 9849 9908 9923
50 2
198 380 440 881 1013 1413 2088 2203 2293 2540 2891 3257 3508 3513 3598 3753 3772 3791 4149 4332 4709 4724 4788 5116 5185 5216 5350 5547 5643 5945 6008 6023 6144 6796 6819 6928 7173 7576 7841 7907 7982 8203 8284 8447 8990 9119 9494 9543 9670 9922
50 3
220 457 908 931 2360 2812 2920 3075 3089 3137 3174 3429 4221 4286 4332 4457 4617 4931 4933 4985 5125 5329 5433 5691 5781 5854 5889 5909 5965 5978 6281 6435 6762 6789 6802 7026 7453 7730 7784 7911 7965 8356 8368 8424 8982 9039 9151 9177 9247 9502
50 9
66 235 298 384 486 725 765 1026 1045 1106 1149 1238 1615 1623 2015 2164 2725 2904 2954 3159 3340 3510 3797 3917 4234 4291 4410 4490 4987 5515 5548 5695 5783 5862 6170 6233 6384 7163 7443 7472 7761 7957 8032 8272 8383 8796 8869 9009 9715 9990
50 1
25 535 761 772 1087 1109 1138 1588 1667 2101 2195 2204 2290 2406 2532 2771 2811 3055 3075 3301 3695 3837 4111 4433 4505 4617 4814 4910 5446 5566 5751 5806 5821 6050 6093 6115 6490 6536 6623 6699 6712 6775 7306 8084 8250 8309 8339 8939 9397 9546
50 30
265 311 363 452 514 876 1510 1548 1859 2120 2267 2372 2423 2825 3107 3290 3502 3680 4138 4272 4629 4752 4799 4866 4963 5233 5321 5598 5889 6139 6180 6218 6403 6503 6708 6766 7304 7335 7368 7686 7951 8012 8311 8428 9060 9115 9390 9571 9896 9993
50 1
134 382 419 436 501 566 592 1194 1612 1811 1978 1985 2240 2336 2536 2807 3157 3327 3347 3421 3493 3501 4043 4089 4120 4185 4556 5126 5278 5466 5600 5774 6156 6163 6335 6698 6887 7030 7092 7690 7723 7873 7905 8783 8835 8868 9015 9139 9628 9658
50 20
611 751 850 908 1162 1669 1746 1843 1934 2021 2217 2237 2248 2476 3189 3364 3660 3782 3841 3843 3946 4177 4276 4481 4567 4615 4733 5023 5163 5298 5861 6566 6691 7415 7694 7708 7744 8133 8205 8297 8309 8559 8733 8873 9362 9400 9671 9781 9971 9989
50 29
255 261 436 449 548 730 1100 1641 2090 2151 2164 2382 2929 2935 2988 3180 3216 3431 3590 3784 4216 4228 4382 4414 4869 5022 5463 5596 5991 6148 6208 6518 6695 7070 7176 7259 7331 8092 8203 8457 8515 8592 8758 9124 9303 9306 9336 9392 9716 9965
50 24
137 766 814 964 981 1253 2092 2237 2250 2465 2600 2609 3374 3457 3969 4007 4139 4649 4907 4928 5119 5191 5355 5911 6129 6136 6276 6278 6326 6531 6823 6922 7039 7175 7229 7299 7320 7372 7397 7444 7507 7524 7543 8274 8337 8736 8876 9185 9526 9869
50 5
47 454 745 818 988 1045 1449 1633 2596 3215 3226 3297 3336 3406 3758 3986 4194 4473 4675 4806 5038 5356 5416 5454 5549 5673 5680 5774 6180 6239 6489 6522 6552 6667 6681 6734 6875 7093 7129 7338 7985 8046 8182 8431 8868 9281 9426 9701 9733 9747
50 1
15 141 215 452 521 670 883 1150 1601 1713 1839 1889 2514 2545 2812 3096 3763 4000 4005 4033 4163 4550 4622 4655 5158 5164 5765 5875 5927 5992 6156 6263 6544 7128 7316 7640 7754 7757 7781 8077 8592 8612 8626 8798 8943 8983 9089 9280 9879 9894
50 2
630 834 930 1047 1537 1644 1864 2066 2222 2440 2581 3034 3297 3442 3853 3893 4294 4988 5122 5151 5262 5420 5506 5541 5542 5545 5789 6121 6180 6320 6512 6526 6552 6692 6772 7109 7129 7760 7895 7903 8970 9011 9159 9350 9538 9545 9556 9654 9760 9784
50 23
379 596 622 695 866 995 1236 1425 1510 1690 1693 1709 1876 2232 2757 3089 3192 3545 3597 3874 3901 3921 3948 4122 4280 4510 4914 5576 5619 6013 6125 6270 6698 7000 7001 7181 7518 7542 7582 7656 7773 7783 7881 8092 9016 9025 9142 9291 9358 9730
50 9
215 368 669 777 895 899 1406 1724 1874 2242 2302 2324 2367 2516 2598 2823 3051 3069 3194 3433 3666 4458 4687 4822 5175 5208 5300 5306 5772 6012 6229 6498 6501 6715 6942 7329 7609 7619 7955 8122 8208 8384 8404 8979 9193 9278 9368 9404 9664 9794
50 5
61 360 526 557 680 799 1240 1369 1391 1647 1718 1805 1932 1952 2429 2660 3015 3298 3834 3989 4064 4120 4124 4180 4225 4278 4363 4697 4920 5352 5375 5380 5507 5781 5948 6132 6136 7190 7212 7772 7975 7993 8050 9012 9360 9546 9591 9798 9854 9866
50 11
216 219 645 914 935 1100 1150 1916 2024 2134 2296 2740 2813 2867 2911 3085 3541 3638 4064 4217 4473 4507 4599 4632 4862 5399 5591 5729 6028 6113 6285 6363 6504 6756 7106 7109 7352 7415 7603 8022 8324 8437 8630 8656 8745 8756 8959 8970 9494 9787
