100 13
18 84 123 195 303 387 508 610 946 996 1061 1207 1720 1734 1735 1931 1933 2047 2108 2137 2409 2422 2644 2647 2960 2995 3035 3325 3501 3600 4001 4084 4114 4146 4245 4275 4289 4358 4416 4491 4498 4613 4690 4714 4744 4839 4923 5062 5081 5255 5364 5481 5549 5566 5690 5699 5788 5816 5846 6561 6596 6757 6909 6992 7092 7219 7352 7418 7464 7524 7600 7632 7652 7679 7701 7779 7835 8189 8206 8215 8297 8356 8421 8469 8822 8840 8924 8969 9024 9096 9113 9152 9454 9483 9501 9546 9761 9844 9869 9905
100 12
90 243 422 482 502 534 580 690 693 714 799 949 974 1046 1059 1297 1335 1371 1458 1541 1679 1730 1743 1805 1840 1874 2079 2159 2322 2333 2379 2594 2635 2710 2843 2935 3083 3141 3191 3257 3337 3423 3436 3562 3844 3907 3909 3949 4139 4267 4492 4564 4701 4750 4763 4826 5313 5412 5478 5780 5925 6098 6125 6527 6545 6547 6701 6715 6722 6778 7017 7076 7132 7142 7221 7288 7329 7371 7553 7640 7845 7986 8112 8589 8594 8628 8645 9032 9199 9212 9398 9443 9452 9527 9564 9571 9654 9789 9860 9876
100 11
223 231 463 778 917 1035 1071 1208 1255 1357 1562 1592 1618 1628 1632 1662 1732 1772 1862 2417 2507 2676 2812 2975 3036 3126 3183 3193 3228 3355 3383 3486 3509 3549 3570 3640 3775 3832 4058 4137 4371 4502 4524 4583 4609 4617 4626 4902 4954 4989 5092 5103 5326 5477 5487 5542 5644 5778 5825 5933 5964 5998 6010 6350 6408 6451 6529 6738 6762 6955 6975 7082 7199 7271 7307 7385 7466 7620 7686 7778 7779 7904 8174 8181 8230 8310 8439 8514 8832 8872 8978 9125 9131 9178 9456 9529 9548 9557 9668 9792
100 23
21 308 331 590 638 657 695 720 730 793 997 1089 1380 1385 1407 1774 1894 1922 1986 2006 2129 2172 2224 2302 2624 2955 3111 3180 3201 3390 3472 3593 3649 3712 3979 4144 4430 4635 4699 4737 4742 4779 4946 5058 5288 5293 5423 5499 5502 5524 5621 5707 5766 5854 6031 6057 6070 6193 6246 6265 6336 6353 6520 6629 6654 6670 6803 6848 6997 7082 7249 7359 7493 7617 7883 7935 8017 8273 8309 8428 8529 8771 8804 8892 8952 9271 9353 9372 9400 9534 9579 9679 9734 9763 9764 9819 9820 9852 9869 9945
100 17
17 21 394 445 545 551 581 677 818 884 930 974 985 1004 1010 1147 1255 1291 1478 1571 1581 1824 1825 1843 1844 1851 1949 2206 2234 2401 2752 2860 2934 3009 3070 3219 3615 3693 3773 4045 4049 4053 4073 4111 4142 4252 4400 4481 4543 4571 4894 4980 5044 5064 5208 5275 5461 5515 5537 5699 5702 5758 5836 5958 6126 6168 6250 6538 6584 6680 6701 6774 6830 6872 6886 7155 7213 7529 7544 7591 7618 7749 7797 8095 8190 8301 8367 8755 8939 8949 8960 9068 9153 9317 9364 9515 9564 9788 9896 9977
100 22
28 42 182 224 271 272 315 393 394 499 702 804 1073 1266 1305 1379 1426 1520 1693 1751 1872 1896 2165 2257 2573 2600 2628 3355 3368 3377 3395 3592 3732 3969 4105 4305 4472 4475 4497 4547 4576 4787 4858 5274 5298 5378 5445 5552 5586 5620 5745 5982 6001 6005 6008 6194 6332 6647 6717 6763 6835 6842 6845 6856 7230 7250 7252 7298 7450 7470 7926 7954 7975 8100 8140 8160 8271 8323 8496 8508 8581 8680 8910 8943 9075 9173 9177 9189 9201 9235 9261 9359 9365 9546 9575 9871 9953 9954 9992 9995
100 21
265 319 457 536 537 633 638 814 817 831 859 1072 1255 1380 1392 1534 1548 1822 1993 2010 2232 2301 2318 2730 2813 2942 2970 3058 3106 3148 3363 3432 3557 3563 3687 3712 3728 3765 3954 3976 4033 4144 4181 4236 4569 4647 5023 5152 5224 5257 5309 5509 5516 5790 5880 5940 6035 6081 6083 6114 6337 6437 6581 6959 6966 7079 7086 7196 7408 7506 7643 7728 7773 7826 7909 8050 8245 8561 8578 8641 8753 8864 8915 8956 9036 9091 9190 9285 9306 9390 9407 9419 9482 9510 9624 9718 9801 9878 9910 9995
100 9
231 261 297 318 483 638 749 750 981 987 1067 1091 2179 2196 2402 2473 2477 2730 2741 2766 2955 2967 3041 3117 3125 3131 3260 3354 3358 3399 3410 3417 3607 3654 3662 3683 3730 4012 4075 4117 4196 4249 4581 4582 4587 4594 4608 4663 4728 4758 4761 4859 4924 4951 5031 5342 5594 5595 5714 5743 5785 5849 5876 5890 6006 6155 6241 6352 6633 6780 6786 6879 7041 7485 7821 8046 8083 8118 8186 8190 8360 8408 8455 8518 8655 8707 9000 9002 9109 9121 9158 9195 9300 9390 9549 9570 9764 9816 9818 9908
100 3
35 192 319 327 346 353 390 738 801 879 964 1013 1198 1203 1231 1248 1339 1373 1556 1567 1650 2004 2048 2343 2470 2524 2554 2632 2661 2804 2910 3146 3152 3208 3224 3318 3458 3558 3632 3719 3784 4039 4075 4090 4132 4300 4306 4462 4466 4471 4478 4530 4589 4851 4993 5013 5074 5144 5435 5533 5689 5788 5825 6028 6070 6470 6501 6754 6770 6880 6890 6891 6973 6985 6989 7038 7243 7256 7258 7333 7351 7378 7394 7695 7770 7811 8027 8034 8163 8176 8297 8432 8468 8606 8620 8798 9249 9365 9538 9848
100 4
129 252 281 295 296 418 661 775 842 1014 1120 1169 1260 1323 1386 1452 1511 1750 1836 1855 1943 2023 2075 2089 2094 2140 2247 2755 2975 3016 3049 3246 3297 3409 3516 3536 3727 3766 3832 4067 4137 4413 4431 4437 4489 4508 4524 4549 4659 4722 5129 5167 5312 5339 5585 5668 5674 5702 5719 5724 5729 5777 6122 6515 6565 6577 6772 6887 6895 6902 6911 6966 6992 7093 7280 7422 7454 7560 7733 7770 7782 7995 8540 8647 8671 8806 8823 8839 9041 9092 9324 9365 9467 9592 9605 9865 9920 9951 9953 9977
100 26
34 63 130 187 239 321 322 323 558 688 847 849 858 970 1009 1031 1049 1266 1327 1336 1362 1379 1458 1536 1548 1598 1601 1616 1817 1823 2026 2066 2085 2099 2145 2177 2351 2384 2575 3050 3160 3162 3592 3639 3650 3700 3945 3948 3968 3997 4105 4138 4517 4531 4646 4750 4945 5096 5111 5545 5582 5584 5645 5677 5987 6037 6165 6915 7020 7047 7215 7740 7996 8086 8099 8494 8527 8826 9002 9053 9196 9226 9280 9291 9325 9410 9449 9476 9506 9546 9570 9594 9622 9640 9718 9842 9893 9900 9965 9992
100 26
41 368 437 450 460 719 754 760 982 1015 1472 1805 1967 1997 2133 2175 2183 2240 2316 2344 2354 2413 2530 2565 2706 2931 3034 3070 3113 3314 3317 3412 3785 3870 3914 4098 4403 4459 4491 4583 4791 4919 4941 4967 5010 5405 5427 5510 5582 5637 5730 5791 5905 5988 6028 6225 6296 6337 6341 6352 6369 6630 6658 6805 6988 7184 7497 7551 7695 7747 7749 7784 7831 8056 8071 8124 8145 8259 8395 8451 8458 8554 8646 8838 8869 8898 8945 9013 9045 9046 9047 9153 9155 9213 9240 9341 9394 9412 9537 9918
100 23
317 319 439 483 571 740 743 794 859 1075 1150 1256 1381 1533 1535 1777 1789 2076 2133 2290 2375 2431 2615 2708 2753 2783 2784 2789 2824 2969 3221 3222 3432 3502 3577 3631 3667 3733 3836 3858 3983 4100 4143 4224 4326 4542 4628 4753 4768 4910 4960 5044 5113 5120 5123 5237 5282 5322 5384 5413 5444 5527 5693 5702 5855 5870 5949 6107 6192 6236 6663 6743 6882 6934 6937 7309 7641 7678 7687 7809 8317 8551 8618 8744 8934 9002 9161 9164 9177 9197 9351 9422 9602 9604 9657 9658 9667 9850 9899 9991
100 23
300 301 500 593 771 781 896 910 915 1114 1357 1486 1658 1890 2037 2273 2331 2442 2628 2645 2937 2964 3002 3035 3175 3453 3535 3556 3707 3712 3767 3787 3832 3891 3895 3963 4001 4424 4569 4635 4829 5028 5049 5173 5373 5390 5559 5630 5689 5805 5824 5953 5999 6072 6093 6353 6400 6414 6488 6548 6644 6699 6811 6848 6962 7020 7064 7085 7134 7267 7722 7912 8050 8111 8124 8176 8275 8329 8438 8553 8585 8597 8615 8627 8654 8707 8716 8739 9107 9252 9271 9332 9409 9426 9446 9482 9545 9672 9882 9907
100 9
94 300 317 323 410 558 911 917 968 1002 1178 1221 1310 1363 1492 1562 1636 1677 1750 1837 1961 1986 2111 2144 2300 2493 2703 2783 2812 3021 3163 3410 3478 3535 3699 3779 3887 3896 3980 4300 4307 4326 4366 4390 4514 4581 4597 4683 4692 4840 4876 4998 5252 5285 5338 5676 5883 6089 6229 6322 6520 6579 6626 6650 6824 6969 7077 7081 7118 7546 7559 7573 7600 7652 7799 7879 7914 7984 8039 8189 8374 8607 8662 8779 8819 8821 8954 8960 9162 9221 9253 9489 9511 9527 9530 9650 9672 9675 9722 9788
100 3
2 513 638 639 817 856 929 933 969 1191 1237 1431 1813 2009 2020 2146 2282 2653 2821 3133 3179 3401 3778 3828 3832 3922 3959 4007 4156 4163 4286 4444 4466 4569 4572 4753 4779 4785 4949 4956 5057 5195 5220 5372 5491 5615 5960 5984 6046 6050 6133 6487 6645 6669 6908 7018 7075 7263 7503 7597 7653 7678 7814 7845 7860 7910 7963 8134 8213 8262 8396 8399 8536 8595 8783 8852 8906 8911 8962 9018 9026 9031 9074 9096 9102 9201 9339 9377 9520 9609 9707 9716 9761 9775 9821 9834 9865 9919 9945 9989
100 12
7 313 333 338 358 482 649 655 658 687 853 1131 1133 1249 1381 1390 1581 2080 2170 2217 2269 2565 2661 2760 2827 2920 3168 3237 3319 3467 3474 3793 3892 3997 4063 4555 4584 4611 4737 4745 4788 4816 4828 4829 4973 5118 5295 5302 5358 5445 5586 5711 5786 5828 5857 5871 5920 6003 6015 6118 6199 6270 6373 6383 6397 6497 6527 6646 6667 6690 6760 6994 7005 7096 7348 7537 7562 7659 7811 7866 8150 8264 8340 8651 8727 8825 8962 9077 9087 9129 9164 9185 9337 9443 9539 9556 9857 9894 9901 9993
100 21
117 317 490 491 545 827 881 905 909 1173 1715 1860 1902 1999 2032 2053 2091 2095 2298 2647 2815 3008 3041 3164 3191 3225 3257 3311 3380 3389 3399 3417 3603 3616 3744 3814 3880 3917 4092 4131 4166 4613 4669 4759 4772 4778 4784 4793 4837 4937 4984 5007 5093 5154 5342 5507 5525 5600 5652 5733 5817 6011 6044 6110 6213 6404 6496 6512 6637 6803 6949 7019 7134 7295 7355 7389 7463 7635 7690 7844 7871 7874 7942 8101 8104 8163 8189 8278 8519 8590 8825 8852 9034 9050 9189 9202 9366 9573 9883 9923
100 6
77 109 127 238 554 577 983 1062 1205 1278 1291 1311 1418 1453 1643 1757 1839 1871 1880 2089 2122 2771 2780 3004 3039 3219 3232 3431 3535 3578 3790 3823 3878 3916 3957 4276 4308 4342 4375 4459 4580 4726 4828 5027 5118 5195 5253 5282 5350 5367 5594 5679 5683 5699 5713 5734 6079 6152 6235 6428 6578 6895 7074 7166 7188 7304 7339 7425 7460 7545 7586 7712 7763 7822 7853 7881 7915 7952 8032 8114 8151 8181 8187 8196 8258 8717 8751 8825 8935 8953 8983 9091 9279 9494 9532 9583 9584 9783 9806 9863
100 5
198 223 279 372 430 557 587 652 667 778 1018 1095 1218 1292 1383 1471 1480 1521 1548 1589 1696 1770 1788 1805 2039 2101 2244 2255 2538 2542 2738 2761 2763 2811 2911 2921 2934 2944 2958 3131 3581 3602 3639 3756 3840 3993 4080 4141 4639 4659 4663 4762 4990 5058 5106 5192 5297 5588 5844 5940 5992 6166 6438 6479 6619 6747 6798 6848 6911 6984 7014 7083 7126 7137 7304 7324 7340 7392 7432 7438 7500 7647 7842 7857 7876 8045 8156 8342 8472 8493 8543 8852 9035 9165 9206 9349 9498 9678 9768 9795
